order_id,order_ts,order_dt_local,customer_id,store_id,channel,payment_method,coupon_code,shipping_fee,currency
910,2025-08-08T11:32:11,2025-08-08,84,35,Retail,PAYPAL,,8.29,AUD
911,2025-08-08T05:49:00,2025-08-08,1010,62,Retail,CASH,,15.92,AUD
912,2025-08-08T08:17:06,2025-08-08,504,33,Retail,CASH,,11.77,AUD
913,2025-08-08T23:57:24,2025-08-08,1449,80,Retail,CARD,,4.75,AUD
914,2025-08-08T19:52:48,2025-08-08,996,97,Retail,PAYPAL,,15.09,AUD
915,2025-08-08T07:34:28,2025-08-08,174,90,Retail,PAYPAL,,8.72,AUD
916,2025-08-08T16:55:42,2025-08-08,581,97,Retail,CARD,,11.59,AUD
917,2025-08-08T01:44:42,2025-08-08,399,44,Retail,AFTERPAY,,16.54,AUD
918,2025-08-08T07:04:07,2025-08-08,282,38,Retail,CASH,,17.36,AUD
919,2025-08-08T17:47:33,2025-08-08,591,41,Retail,CASH,,6.95,AUD
920,2025-08-08T21:12:41,2025-08-08,1317,18,Retail,PAYPAL,,10.95,AUD
921,2025-08-08T02:52:04,2025-08-08,710,48,Retail,PAYPAL,,10.66,AUD
922,2025-08-08T16:00:36,2025-08-08,404,91,Retail,AFTERPAY,,12.08,AUD
923,2025-08-08T03:34:30,2025-08-08,500,86,Retail,CASH,,17.33,AUD
924,2025-08-08T07:09:46,2025-08-08,774,22,Retail,CASH,,1.96,AUD
925,2025-08-08T17:00:00,2025-08-08,234,49,Retail,AFTERPAY,,2.32,AUD
926,2025-08-08T14:42:10,2025-08-08,28,5,Retail,AFTERPAY,,11.72,AUD
927,2025-08-08T00:39:04,2025-08-08,664,72,Retail,CARD,,10.33,AUD
928,2025-08-08T19:36:46,2025-08-08,826,54,Retail,AFTERPAY,,13.32,AUD
929,2025-08-08T20:28:26,2025-08-08,610,30,Retail,AFTERPAY,,14.67,AUD
930,2025-08-08T09:48:19,2025-08-08,1224,52,Retail,PAYPAL,,13.98,AUD
931,2025-08-08T16:03:58,2025-08-08,210,71,Retail,CARD,COUPON570,6.51,AUD
932,2025-08-08T19:41:37,2025-08-08,141,34,Retail,CARD,,13.63,AUD
933,2025-08-08T17:06:29,2025-08-08,1159,24,Retail,AFTERPAY,,20.12,AUD
934,2025-08-08T11:09:30,2025-08-08,1176,22,Retail,PAYPAL,,19.73,AUD
935,2025-08-08T20:07:42,2025-08-08,1320,13,Retail,PAYPAL,,13.78,AUD
936,2025-08-08T16:01:53,2025-08-08,393,7,Retail,PAYPAL,COUPON958,14.44,AUD
937,2025-08-08T16:42:23,2025-08-08,1238,18,Retail,PAYPAL,,9.17,AUD
938,2025-08-08T06:10:35,2025-08-08,1470,75,Retail,CASH,,15.19,AUD
939,2025-08-08T18:31:07,2025-08-08,521,73,Retail,CARD,,14.01,AUD
940,2025-08-08T00:40:33,2025-08-08,381,70,Retail,CASH,,7.80,AUD
941,2025-08-08T22:28:36,2025-08-08,1486,58,Retail,CASH,,16.23,AUD
942,2025-08-08T20:12:44,2025-08-08,1000,82,Retail,PAYPAL,,15.63,AUD
943,2025-08-08T03:32:16,2025-08-08,506,91,Retail,PAYPAL,,6.40,AUD
944,2025-08-08T15:03:51,2025-08-08,349,86,Retail,CASH,,9.23,AUD
945,2025-08-08T18:32:51,2025-08-08,1025,97,Retail,PAYPAL,,12.41,AUD
946,2025-08-08T23:37:07,2025-08-08,103,15,Retail,CASH,,2.54,AUD
947,2025-08-08T05:52:08,2025-08-08,147,22,Retail,PAYPAL,COUPON792,3.82,AUD
948,2025-08-08T19:08:49,2025-08-08,327,47,Retail,CARD,COUPON572,14.57,AUD
949,2025-08-08T01:05:35,2025-08-08,668,64,Retail,AFTERPAY,,13.54,AUD
950,2025-08-08T20:24:15,2025-08-08,166,81,Retail,CARD,,16.12,AUD
951,2025-08-08T21:22:36,2025-08-08,899,71,Retail,CASH,,15.60,AUD
952,2025-08-08T09:36:10,2025-08-08,771,15,Retail,CASH,,0.65,AUD
953,2025-08-08T14:16:32,2025-08-08,88,78,Retail,CARD,,11.63,AUD
954,2025-08-08T13:57:58,2025-08-08,267,94,Retail,CASH,,6.44,AUD
955,2025-08-08T04:30:50,2025-08-08,1168,9,Retail,PAYPAL,,7.44,AUD
956,2025-08-08T10:34:11,2025-08-08,382,48,Retail,PAYPAL,,15.81,AUD
957,2025-08-08T05:07:33,2025-08-08,775,36,Retail,PAYPAL,COUPON745,14.26,AUD
958,2025-08-08T08:33:31,2025-08-08,294,33,Retail,CASH,,13.33,AUD
959,2025-08-08T08:20:38,2025-08-08,126,64,Retail,AFTERPAY,,8.39,AUD
960,2025-08-08T14:10:24,2025-08-08,69,37,Retail,CARD,COUPON828,7.39,AUD
961,2025-08-08T19:52:57,2025-08-08,1227,36,Retail,CASH,,0.60,AUD
962,2025-08-08T11:23:38,2025-08-08,3,18,Retail,CARD,,12.49,AUD
963,2025-08-08T00:38:32,2025-08-08,1077,52,Retail,CARD,,10.88,AUD
964,2025-08-08T02:27:01,2025-08-08,192,19,Retail,CASH,,8.02,AUD
965,2025-08-08T04:18:04,2025-08-08,107,40,Retail,AFTERPAY,,11.60,AUD
966,2025-08-08T00:00:42,2025-08-08,1305,95,Retail,AFTERPAY,,12.24,AUD
967,2025-08-08T08:51:10,2025-08-08,1031,81,Retail,PAYPAL,,2.10,AUD
968,2025-08-08T13:30:23,2025-08-08,514,79,Retail,CARD,,15.30,AUD
969,2025-08-08T12:30:31,2025-08-08,545,24,Retail,AFTERPAY,,19.71,AUD
970,2025-08-08T01:31:48,2025-08-08,38,4,Retail,PAYPAL,,11.60,AUD
971,2025-08-08T09:36:19,2025-08-08,1589,40,Retail,CARD,,18.43,AUD
972,2025-08-08T23:58:12,2025-08-08,1418,16,Retail,PAYPAL,,19.96,AUD
973,2025-08-08T20:04:03,2025-08-08,1443,36,Retail,CARD,,7.65,AUD
974,2025-08-08T01:58:29,2025-08-08,596,40,Retail,CARD,,1.75,AUD
975,2025-08-08T00:45:38,2025-08-08,479,85,Retail,CARD,,8.40,AUD
976,2025-08-08T06:59:32,2025-08-08,1222,2,Retail,CARD,,13.15,AUD
977,2025-08-08T13:09:56,2025-08-08,510,54,Retail,CASH,,3.73,AUD
978,2025-08-08T05:01:02,2025-08-08,832,58,Retail,AFTERPAY,,12.38,AUD
979,2025-08-08T14:32:54,2025-08-08,1165,77,Retail,PAYPAL,,9.71,AUD
980,2025-08-08T09:02:09,2025-08-08,880,46,Retail,PAYPAL,,15.75,AUD
981,2025-08-08T09:41:35,2025-08-08,684,86,Retail,PAYPAL,,14.04,AUD
982,2025-08-08T00:29:07,2025-08-08,740,83,Retail,CASH,,8.56,AUD
983,2025-08-08T05:57:00,2025-08-08,1172,13,Retail,CASH,,15.88,AUD
984,2025-08-08T14:46:32,2025-08-08,197,90,Retail,PAYPAL,,0.00,AUD
985,2025-08-08T07:06:42,2025-08-08,1275,34,Retail,CARD,,0.00,AUD
986,2025-08-08T06:51:06,2025-08-08,1266,76,Retail,CASH,,5.62,AUD
987,2025-08-08T10:35:37,2025-08-08,838,79,Retail,CARD,,8.72,AUD
988,2025-08-08T13:56:42,2025-08-08,89,9999999998,Retail,AFTERPAY,COUPON490,16.16,AUD
989,2025-08-08T23:50:06,2025-08-08,438,29,Retail,CASH,,6.85,AUD
990,2025-08-08T08:22:09,2025-08-08,512,2,Retail,CASH,,9.02,AUD
991,2025-08-08T08:26:29,2025-08-08,360,10,Retail,CASH,,10.78,AUD
992,2025-08-08T12:03:29,2025-08-08,301,30,Retail,CASH,COUPON505,15.83,AUD
993,2025-08-08T05:50:19,2025-08-08,1480,46,Retail,PAYPAL,,18.65,AUD
994,2025-08-08T22:18:56,2025-08-08,900,19,Retail,PAYPAL,,20.58,AUD
995,2025-08-08T18:52:31,2025-08-08,1358,22,Retail,CASH,,16.70,AUD
996,2025-08-08T12:51:05,2025-08-08,711,84,Retail,CASH,,13.77,AUD
997,2025-08-08T10:22:02,2025-08-08,823,60,Retail,AFTERPAY,,11.02,AUD
998,2025-08-08T22:53:29,2025-08-08,615,67,Retail,CASH,,2.88,AUD
999,2025-08-08T04:53:09,2025-08-08,837,52,Retail,CASH,,7.43,AUD
1000,2025-08-08T08:03:07,2025-08-08,1351,39,Retail,AFTERPAY,COUPON442,12.11,AUD
1001,2025-08-08T12:06:23,2025-08-08,491,39,Retail,PAYPAL,,13.81,AUD
1002,2025-08-08T00:56:11,2025-08-08,258,58,Retail,CASH,COUPON638,13.54,AUD
1003,2025-08-08T03:54:51,2025-08-08,1030,85,Retail,CASH,,7.71,AUD
1004,2025-08-08T21:05:48,2025-08-08,1527,27,Retail,CASH,,7.01,AUD
1005,2025-08-08T12:22:40,2025-08-08,1156,98,Retail,CARD,,7.45,AUD
1006,2025-08-08T10:24:07,2025-08-08,1015,68,Retail,CASH,,10.18,AUD
1007,2025-08-08T06:58:53,2025-08-08,281,96,Retail,PAYPAL,,10.35,AUD
1008,2025-08-08T21:14:06,2025-08-08,190,56,Retail,CARD,,13.07,AUD
1009,2025-08-08T15:05:46,2025-08-08,115,24,Retail,AFTERPAY,,9.68,AUD
1010,2025-08-08T03:51:53,2025-08-08,488,32,Retail,AFTERPAY,,9.86,AUD
1011,2025-08-08T12:41:25,2025-08-08,45,95,Retail,PAYPAL,,13.49,AUD
1012,2025-08-08T06:56:19,2025-08-08,1314,86,Retail,CASH,,10.31,AUD
1013,2025-08-08T09:01:44,2025-08-08,576,87,Retail,AFTERPAY,,21.12,AUD
1014,2025-08-08T05:48:06,2025-08-08,662,14,Retail,CASH,,5.55,AUD
1015,2025-08-08T18:51:30,2025-08-08,1252,44,Retail,CASH,,15.86,AUD
1016,2025-08-08T12:34:52,2025-08-08,985,8,Retail,CARD,,17.60,AUD
1017,2025-08-08T09:56:58,2025-08-08,499,23,Retail,CARD,,11.76,AUD
1018,2025-08-08T21:54:42,2025-08-08,1173,9,Retail,CASH,COUPON573,7.50,AUD
1019,2025-08-08T03:48:16,2025-08-08,1293,46,Retail,CASH,,9.96,AUD
1020,2025-08-08T00:23:40,2025-08-08,7,22,Retail,AFTERPAY,,8.78,AUD
1021,2025-08-08T18:54:23,2025-08-08,858,89,Retail,AFTERPAY,,11.10,AUD
1022,2025-08-08T23:38:36,2025-08-08,1342,30,Retail,CARD,,12.62,AUD
1023,2025-08-08T01:14:15,2025-08-08,680,96,Retail,CARD,,8.12,AUD
1024,2025-08-08T18:38:04,2025-08-08,1531,14,Retail,AFTERPAY,,8.88,AUD
1025,2025-08-08T08:49:10,2025-08-08,1307,67,Retail,AFTERPAY,,11.79,AUD
1026,2025-08-08T22:20:45,2025-08-08,809,98,Retail,PAYPAL,,14.55,AUD
1027,2025-08-08T00:26:04,2025-08-08,300,32,Retail,PAYPAL,,13.01,AUD
1028,2025-08-08T15:36:42,2025-08-08,1536,89,Retail,CARD,,9.83,AUD
1029,2025-08-08T16:22:53,2025-08-08,29,86,Retail,AFTERPAY,COUPON557,14.11,AUD
1030,2025-08-08T14:13:49,2025-08-08,219,28,Retail,CARD,COUPON370,6.91,AUD
1031,2025-08-08T01:58:43,2025-08-08,1081,49,Retail,AFTERPAY,,11.80,AUD
1032,2025-08-08T05:04:22,2025-08-08,1174,39,Retail,PAYPAL,COUPON469,15.44,AUD
1033,2025-08-08T00:37:36,2025-08-08,445,27,Retail,PAYPAL,,6.67,AUD
1034,2025-08-08T21:06:10,2025-08-08,387,88,Retail,CASH,,10.25,AUD
1035,2025-08-08T00:34:30,2025-08-08,1484,25,Retail,AFTERPAY,,8.43,AUD
1036,2025-08-08T11:22:05,2025-08-08,570,95,Retail,PAYPAL,,13.42,AUD
1037,2025-08-08T19:52:44,2025-08-08,472,87,Retail,CARD,COUPON687,15.42,AUD
1038,2025-08-08T18:01:10,2025-08-08,105,47,Retail,CASH,,14.05,AUD
1039,2025-08-08T18:23:10,2025-08-08,1507,59,Retail,CARD,,10.43,AUD
1040,2025-08-08T19:21:59,2025-08-08,1553,8,Retail,PAYPAL,,10.45,AUD
1041,2025-08-08T23:00:12,2025-08-08,264,70,Retail,CARD,COUPON168,17.31,AUD
1042,2025-08-08T14:09:31,2025-08-08,549,62,Retail,CARD,,8.95,AUD
1043,2025-08-08T03:16:03,2025-08-08,1553,24,Retail,CARD,,7.28,AUD
1044,2025-08-08T10:19:23,2025-08-08,924,25,Retail,PAYPAL,COUPON992,5.20,AUD
1045,2025-08-08T13:52:05,2025-08-08,601,16,Retail,CARD,,4.82,AUD
1046,2025-08-08T06:00:19,2025-08-08,1338,97,Retail,AFTERPAY,COUPON850,16.00,AUD
1047,2025-08-08T19:43:47,2025-08-08,488,56,Retail,CARD,,9.46,AUD
1048,2025-08-08T11:21:21,2025-08-08,1424,99,Retail,CASH,,13.62,AUD
1049,2025-08-08T17:03:11,2025-08-08,1201,22,Retail,AFTERPAY,,6.06,AUD
1050,2025-08-08T20:18:08,2025-08-08,1381,4,Retail,AFTERPAY,,12.21,AUD
1051,2025-08-08T04:58:37,2025-08-08,1587,24,Retail,PAYPAL,,23.04,AUD
1052,2025-08-08T10:41:16,2025-08-08,1267,41,Retail,CARD,COUPON262,10.60,AUD
1053,2025-08-08T21:20:14,2025-08-08,22,65,Retail,CASH,,18.69,AUD
1054,2025-08-08T22:00:34,2025-08-08,320,27,Retail,CARD,,11.50,AUD
1055,2025-08-08T02:33:06,2025-08-08,1225,51,Retail,PAYPAL,,10.78,AUD
1056,2025-08-08T19:13:44,2025-08-08,1511,2,Retail,AFTERPAY,,10.70,AUD
1057,2025-08-08T03:29:32,2025-08-08,1400,89,Retail,CARD,,12.91,AUD
1058,2025-08-08T02:39:52,2025-08-08,731,76,Retail,CASH,COUPON989,6.56,AUD
1059,2025-08-08T22:14:33,2025-08-08,26,64,Retail,PAYPAL,,27.05,AUD
1060,2025-08-08T19:23:56,2025-08-08,531,96,Retail,CARD,,10.41,AUD
1061,2025-08-08T15:51:13,2025-08-08,1433,52,Retail,CARD,COUPON919,6.60,AUD
1062,2025-08-08T23:50:22,2025-08-08,1444,73,Retail,CARD,,17.05,AUD
1063,2025-08-08T08:31:07,2025-08-08,56,41,Retail,PAYPAL,,11.68,AUD
1064,2025-08-08T05:36:37,2025-08-08,999,52,Retail,CARD,,6.26,AUD
1065,2025-08-08T19:34:30,2025-08-08,1271,33,Retail,AFTERPAY,COUPON272,10.51,AUD
1066,2025-08-08T20:28:19,2025-08-08,1444,12,Retail,CASH,,4.92,AUD
1067,2025-08-08T22:17:31,2025-08-08,1514,14,Retail,PAYPAL,,9.16,AUD
1068,2025-08-08T18:25:52,2025-08-08,218,43,Retail,AFTERPAY,COUPON374,13.52,AUD
1069,2025-08-08T08:41:31,2025-08-08,511,42,Retail,CASH,,18.74,AUD
1070,2025-08-08T22:34:58,2025-08-08,285,20,Retail,PAYPAL,COUPON203,3.14,AUD
1071,2025-08-08T08:06:37,2025-08-08,1442,99,Retail,CARD,,6.63,AUD
1072,2025-08-08T08:15:21,2025-08-08,615,82,Retail,CASH,,17.54,AUD
1073,2025-08-08T05:49:10,2025-08-08,902,99,Retail,PAYPAL,,9.64,AUD
1074,2025-08-08T10:20:44,2025-08-08,1412,49,Retail,AFTERPAY,,14.34,AUD
1075,2025-08-08T05:15:03,2025-08-08,607,73,Retail,CASH,,12.10,AUD
1076,2025-08-08T05:29:01,2025-08-08,790,55,Retail,CARD,,14.58,AUD
1077,2025-08-08T15:59:11,2025-08-08,527,92,Retail,PAYPAL,COUPON361,6.02,AUD
1078,2025-08-08T12:58:19,2025-08-08,1557,84,Retail,CASH,,8.96,AUD
1079,2025-08-08T07:58:29,2025-08-08,381,58,Retail,PAYPAL,,17.44,AUD
1080,2025-08-08T08:40:50,2025-08-08,291,2,Retail,CASH,,17.30,AUD
1081,2025-08-08T15:10:18,2025-08-08,1120,19,Retail,CASH,,14.28,AUD
1082,2025-08-08T11:39:15,2025-08-08,536,49,Retail,CARD,,14.14,AUD
1083,2025-08-08T16:15:41,2025-08-08,312,39,Retail,AFTERPAY,,16.60,AUD
1084,2025-08-08T17:40:33,2025-08-08,184,45,Retail,CASH,,13.09,AUD
1085,2025-08-08T15:17:51,2025-08-08,1572,47,Retail,CARD,,13.84,AUD
1086,2025-08-08T07:16:50,2025-08-08,580,62,Retail,CASH,,7.12,AUD
1087,2025-08-08T03:40:47,2025-08-08,884,80,Retail,CARD,,11.49,AUD
1088,2025-08-08T12:51:55,2025-08-08,1267,77,Retail,CARD,,13.34,AUD
1089,2025-08-08T14:58:27,2025-08-08,645,76,Retail,CASH,COUPON621,17.51,AUD
1090,2025-08-08T00:52:03,2025-08-08,1177,51,Retail,AFTERPAY,,11.48,AUD
1091,2025-08-08T06:06:27,2025-08-08,256,51,Retail,PAYPAL,COUPON122,2.94,AUD
1092,2025-08-08T12:07:58,2025-08-08,853,30,Retail,PAYPAL,,23.53,AUD
1093,2025-08-08T23:17:28,2025-08-08,576,58,Retail,AFTERPAY,,10.51,AUD
1094,2025-08-08T17:27:58,2025-08-08,824,94,Retail,CASH,,7.54,AUD
1095,2025-08-08T14:48:54,2025-08-08,1342,18,Retail,AFTERPAY,,13.78,AUD
1096,2025-08-08T21:54:09,2025-08-08,1382,5,Retail,CARD,,9.81,AUD
1097,2025-08-08T16:48:04,2025-08-08,541,83,Retail,CASH,,14.78,AUD
1098,2025-08-08T17:37:01,2025-08-08,513,64,Retail,CASH,,10.40,AUD
1099,2025-08-08T18:35:04,2025-08-08,165,84,Retail,AFTERPAY,,10.01,AUD
1100,2025-08-08T15:01:06,2025-08-08,545,25,Retail,PAYPAL,,23.23,AUD
1101,2025-08-08T21:21:16,2025-08-08,705,38,Retail,AFTERPAY,,10.62,AUD
1102,2025-08-08T08:49:59,2025-08-08,163,87,Retail,CASH,,14.45,AUD
1103,2025-08-08T06:10:08,2025-08-08,311,78,Retail,PAYPAL,,9.64,AUD
1104,2025-08-08T02:29:33,2025-08-08,506,52,Retail,PAYPAL,,14.69,AUD
1105,2025-08-08T04:38:39,2025-08-08,1206,69,Retail,CASH,,10.99,AUD
1106,2025-08-08T09:58:25,2025-08-08,1562,21,Retail,PAYPAL,,12.94,AUD
1107,2025-08-08T09:25:13,2025-08-08,1036,9999999998,Retail,CARD,,18.58,AUD
1108,2025-08-08T23:23:27,2025-08-08,1084,61,Retail,CASH,,17.86,AUD
1109,2025-08-08T10:32:59,2025-08-08,825,51,Retail,PAYPAL,,10.38,AUD
1110,2025-08-08T01:15:33,2025-08-08,1114,75,Retail,PAYPAL,,17.42,AUD
1111,2025-08-08T15:31:19,2025-08-08,727,96,Retail,PAYPAL,,13.09,AUD
1112,2025-08-08T15:54:44,2025-08-08,21,16,Retail,AFTERPAY,,12.57,AUD
1113,2025-08-08T18:30:18,2025-08-08,807,25,Retail,CARD,,13.46,AUD
1114,2025-08-08T09:30:28,2025-08-08,263,96,Retail,AFTERPAY,,13.57,AUD
1115,2025-08-08T10:33:41,2025-08-08,24,46,Retail,AFTERPAY,,0.00,AUD
1116,2025-08-08T02:45:07,2025-08-08,1008,53,Retail,CARD,COUPON569,5.73,AUD
1117,2025-08-08T19:03:05,2025-08-08,966,66,Retail,PAYPAL,COUPON180,9.38,AUD
1118,2025-08-08T13:16:51,2025-08-08,303,81,Retail,CARD,,13.77,AUD
1119,2025-08-08T13:53:32,2025-08-08,503,40,Retail,PAYPAL,,8.28,AUD
1120,2025-08-08T17:05:42,2025-08-08,1399,79,Retail,AFTERPAY,COUPON983,13.08,AUD
1121,2025-08-08T08:24:55,2025-08-08,1109,9,Retail,PAYPAL,,5.74,AUD
1122,2025-08-08T09:33:31,2025-08-08,1145,5,Retail,CARD,COUPON243,9.36,AUD
1123,2025-08-08T12:48:28,2025-08-08,1526,55,Retail,CASH,,7.35,AUD
1124,2025-08-08T22:17:23,2025-08-08,1406,40,Retail,CARD,COUPON947,10.44,AUD
1125,2025-08-08T20:07:34,2025-08-08,1089,5,Retail,AFTERPAY,,2.23,AUD
1126,2025-08-08T00:54:59,2025-08-08,884,90,Retail,AFTERPAY,,13.68,AUD
1127,2025-08-08T18:54:23,2025-08-08,9999999999,88,Retail,AFTERPAY,,16.26,AUD
1128,2025-08-08T23:20:28,2025-08-08,312,15,Retail,PAYPAL,,9.24,AUD
1129,2025-08-08T16:34:09,2025-08-08,940,27,Retail,AFTERPAY,,10.41,AUD
1130,2025-08-08T15:22:36,2025-08-08,777,49,Retail,AFTERPAY,,13.01,AUD
1131,2025-08-08T00:48:31,2025-08-08,108,6,Retail,CARD,,11.42,AUD
1132,2025-08-08T18:56:59,2025-08-08,761,39,Retail,CARD,,8.13,AUD
1133,2025-08-08T21:20:00,2025-08-08,1244,21,Retail,CARD,,18.45,AUD
1134,2025-08-08T18:19:27,2025-08-08,674,45,Retail,PAYPAL,,15.42,AUD
1135,2025-08-08T23:42:21,2025-08-08,370,76,Retail,AFTERPAY,,25.02,AUD
1136,2025-08-08T06:23:42,2025-08-08,639,63,Retail,CARD,,9.39,AUD
1137,2025-08-08T07:34:22,2025-08-08,1075,47,Retail,CASH,,13.70,AUD
1138,2025-08-08T13:22:50,2025-08-08,970,1,Retail,CARD,,9.82,AUD
1139,2025-08-08T04:30:29,2025-08-08,1124,39,Retail,AFTERPAY,,12.48,AUD
1140,2025-08-08T05:43:32,2025-08-08,380,12,Retail,CASH,,11.64,AUD
1141,2025-08-08T23:58:11,2025-08-08,833,3,Retail,CARD,,10.15,AUD
1142,2025-08-08T10:06:31,2025-08-08,1093,48,Retail,CASH,,15.97,AUD
1143,2025-08-08T03:40:21,2025-08-08,968,88,Retail,AFTERPAY,,13.80,AUD
1144,2025-08-08T09:42:30,2025-08-08,200,22,Retail,CASH,COUPON521,12.25,AUD
1145,2025-08-08T23:43:56,2025-08-08,141,64,Retail,CARD,COUPON310,16.74,AUD
1146,2025-08-08T09:20:59,2025-08-08,180,47,Retail,CARD,,13.66,AUD
1147,2025-08-08T19:00:50,2025-08-08,1248,58,Retail,AFTERPAY,,10.79,AUD
1148,2025-08-08T14:35:02,2025-08-08,604,70,Retail,CARD,,14.56,AUD
1149,2025-08-08T23:15:08,2025-08-08,627,18,Retail,CARD,,4.36,AUD
1150,2025-08-08T17:45:38,2025-08-08,10,49,Retail,PAYPAL,,3.18,AUD
1151,2025-08-08T09:55:02,2025-08-08,1308,72,Retail,CASH,,14.88,AUD
1152,2025-08-08T20:06:15,2025-08-08,208,67,Retail,CASH,,12.16,AUD
1153,2025-08-08T13:11:43,2025-08-08,757,37,Retail,AFTERPAY,,19.22,AUD
1154,2025-08-08T11:44:15,2025-08-08,315,19,Retail,CASH,,14.67,AUD
1155,2025-08-08T01:29:44,2025-08-08,1067,10,Retail,PAYPAL,,11.91,AUD
1156,2025-08-08T09:56:14,2025-08-08,1370,90,Retail,AFTERPAY,,14.08,AUD
1157,2025-08-08T11:39:55,2025-08-08,625,24,Retail,CASH,,9.23,AUD
1158,2025-08-08T03:06:54,2025-08-08,696,81,Retail,AFTERPAY,,10.38,AUD
1159,2025-08-08T16:00:58,2025-08-08,1056,70,Retail,AFTERPAY,,12.83,AUD
1160,2025-08-08T05:42:24,2025-08-08,964,63,Retail,CARD,,14.28,AUD
1161,2025-08-08T22:51:43,2025-08-08,1302,79,Retail,AFTERPAY,,1.72,AUD
1162,2025-08-08T21:23:14,2025-08-08,843,4,Retail,AFTERPAY,,16.85,AUD
1163,2025-08-08T00:15:00,2025-08-08,790,51,Retail,AFTERPAY,,3.27,AUD
1164,2025-08-08T14:44:04,2025-08-08,691,2,Retail,CASH,,24.36,AUD
1165,2025-08-08T03:08:22,2025-08-08,225,32,Retail,CASH,,8.27,AUD
1166,2025-08-08T03:45:00,2025-08-08,483,47,Retail,CARD,,11.64,AUD
1167,2025-08-08T17:07:18,2025-08-08,1575,2,Retail,AFTERPAY,,5.08,AUD
1168,2025-08-08T01:30:05,2025-08-08,1009,85,Retail,CARD,,8.92,AUD
1169,2025-08-08T05:28:09,2025-08-08,136,53,Retail,AFTERPAY,,17.12,AUD
1170,2025-08-08T09:32:44,2025-08-08,783,68,Retail,AFTERPAY,,10.82,AUD
1171,2025-08-08T23:34:30,2025-08-08,418,56,Retail,AFTERPAY,,1.44,AUD
1172,2025-08-08T08:51:19,2025-08-08,104,68,Retail,PAYPAL,,3.08,AUD
1173,2025-08-08T09:09:18,2025-08-08,108,18,Retail,AFTERPAY,,15.66,AUD
1174,2025-08-08T18:23:42,2025-08-08,1018,100,Retail,AFTERPAY,,9.07,AUD
1175,2025-08-08T00:45:13,2025-08-08,1519,85,Retail,PAYPAL,,12.59,AUD
1176,2025-08-08T04:45:27,2025-08-08,948,30,Retail,CASH,,5.95,AUD
1177,2025-08-08T11:47:53,2025-08-08,1387,87,Retail,CASH,,5.86,AUD
1178,2025-08-08T21:45:17,2025-08-08,843,66,Retail,AFTERPAY,,7.54,AUD
1179,2025-08-08T06:06:05,2025-08-08,730,44,Retail,CARD,,18.46,AUD
1180,2025-08-08T06:10:36,2025-08-08,21,96,Retail,PAYPAL,,6.68,AUD
1181,2025-08-08T03:37:35,2025-08-08,11,45,Retail,PAYPAL,,10.89,AUD
1182,2025-08-08T00:50:54,2025-08-08,729,85,Retail,CARD,,17.30,AUD
1183,2025-08-08T14:25:46,2025-08-08,306,68,Retail,CARD,,11.57,AUD
1184,2025-08-08T18:15:07,2025-08-08,868,18,Retail,PAYPAL,,0.00,AUD
1185,2025-08-08T00:55:40,2025-08-08,95,8,Retail,CASH,,14.51,AUD
1186,2025-08-08T06:21:39,2025-08-08,794,17,Retail,CASH,,8.05,AUD
1187,2025-08-08T12:12:45,2025-08-08,1069,15,Retail,CASH,,21.66,AUD
1188,2025-08-08T18:03:27,2025-08-08,1064,86,Retail,CASH,,9.70,AUD
1189,2025-08-08T10:25:32,2025-08-08,1171,58,Retail,CASH,,19.37,AUD
1190,2025-08-08T19:55:57,2025-08-08,884,61,Retail,AFTERPAY,COUPON364,4.17,AUD
1191,2025-08-08T17:04:49,2025-08-08,1001,52,Retail,AFTERPAY,,13.85,AUD
1192,2025-08-08T19:43:14,2025-08-08,529,47,Retail,AFTERPAY,,9.63,AUD
1193,2025-08-08T01:04:13,2025-08-08,847,43,Retail,AFTERPAY,,14.18,AUD
1194,2025-08-08T17:32:39,2025-08-08,127,51,Retail,AFTERPAY,,12.38,AUD
1195,2025-08-08T15:19:24,2025-08-08,477,27,Retail,CASH,,9.33,AUD
1196,2025-08-08T07:12:23,2025-08-08,904,18,Retail,CASH,,11.84,AUD
1197,2025-08-08T12:51:02,2025-08-08,411,18,Retail,CARD,COUPON821,16.82,AUD
1198,2025-08-08T08:53:10,2025-08-08,183,4,Retail,AFTERPAY,,9.44,AUD
1199,2025-08-08T10:59:05,2025-08-08,362,88,Retail,CASH,COUPON960,6.76,AUD
1200,2025-08-08T14:06:15,2025-08-08,726,70,Retail,PAYPAL,COUPON411,18.74,AUD
1201,2025-08-08T01:32:30,2025-08-08,517,6,Retail,CASH,COUPON782,16.09,AUD
1202,2025-08-08T12:01:08,2025-08-08,1581,42,Retail,PAYPAL,COUPON901,5.73,AUD
1203,2025-08-08T15:06:08,2025-08-08,527,21,Retail,CARD,COUPON825,11.36,AUD
1204,2025-08-08T10:22:06,2025-08-08,117,49,Retail,CARD,,6.21,AUD
1205,2025-08-08T09:43:21,2025-08-08,1079,96,Retail,PAYPAL,,25.67,AUD
1206,2025-08-08T00:06:28,2025-08-08,340,100,Retail,PAYPAL,COUPON115,15.45,AUD
1207,2025-08-08T03:33:09,2025-08-08,425,43,Retail,CASH,,15.29,AUD
1208,2025-08-08T20:29:28,2025-08-08,383,86,Retail,CARD,,16.91,AUD
1209,2025-08-08T09:13:07,2025-08-08,701,45,Retail,AFTERPAY,,8.26,AUD
1210,2025-08-08T03:13:13,2025-08-08,9999999999,63,Retail,PAYPAL,,13.80,AUD
1211,2025-08-08T22:53:59,2025-08-08,1471,93,Retail,PAYPAL,COUPON271,13.73,AUD
1212,2025-08-08T01:39:40,2025-08-08,1359,72,Retail,CARD,COUPON546,18.28,AUD
1213,2025-08-08T21:14:24,2025-08-08,1334,53,Retail,AFTERPAY,,9.04,AUD
1214,2025-08-08T17:57:01,2025-08-08,479,87,Retail,CASH,,8.72,AUD
1215,2025-08-08T14:32:26,2025-08-08,733,1,Retail,CASH,COUPON669,10.27,AUD
1216,2025-08-08T02:55:33,2025-08-08,336,65,Retail,CASH,,19.05,AUD
1217,2025-08-08T06:59:50,2025-08-08,1600,42,Retail,PAYPAL,COUPON239,16.88,AUD
1218,2025-08-08T11:17:31,2025-08-08,697,27,Retail,CASH,,13.33,AUD
1219,2025-08-08T02:05:08,2025-08-08,450,16,Retail,PAYPAL,,14.42,AUD
1220,2025-08-08T23:51:11,2025-08-08,300,68,Retail,CARD,,15.12,AUD
1221,2025-08-08T04:38:58,2025-08-08,1333,89,Retail,CARD,,9.55,AUD
1222,2025-08-08T21:18:26,2025-08-08,126,54,Retail,AFTERPAY,,5.60,AUD
1223,2025-08-08T03:19:05,2025-08-08,1034,38,Retail,PAYPAL,,13.76,AUD
1224,2025-08-08T23:17:23,2025-08-08,1502,15,Retail,PAYPAL,,8.89,AUD
1225,2025-08-08T22:36:27,2025-08-08,675,9999999998,Retail,CASH,,21.50,AUD
1226,2025-08-08T11:08:59,2025-08-08,370,93,Retail,AFTERPAY,,3.73,AUD
1227,2025-08-08T05:33:45,2025-08-08,1210,66,Retail,AFTERPAY,,6.15,AUD
1228,2025-08-08T02:01:00,2025-08-08,1379,2,Retail,CASH,,14.17,AUD
1229,2025-08-08T04:33:00,2025-08-08,406,10,Retail,CARD,,17.25,AUD
1230,2025-08-08T16:11:55,2025-08-08,1104,9999999998,Retail,PAYPAL,,16.57,AUD
1231,2025-08-08T12:59:35,2025-08-08,571,65,Retail,CARD,,18.76,AUD
1232,2025-08-08T17:54:40,2025-08-08,920,93,Retail,PAYPAL,,5.31,AUD
1233,2025-08-08T04:36:28,2025-08-08,243,22,Retail,PAYPAL,,10.10,AUD
1234,2025-08-08T06:04:45,2025-08-08,225,86,Retail,CARD,,8.08,AUD
1235,2025-08-08T09:50:40,2025-08-08,896,92,Retail,AFTERPAY,,12.45,AUD
1236,2025-08-08T06:17:10,2025-08-08,1573,99,Retail,AFTERPAY,,4.70,AUD
1237,2025-08-08T00:12:36,2025-08-08,127,30,Retail,CASH,,4.37,AUD
1238,2025-08-08T13:59:19,2025-08-08,593,2,Retail,PAYPAL,,10.36,AUD
1239,2025-08-08T15:11:16,2025-08-08,1356,85,Retail,CASH,,15.59,AUD
1240,2025-08-08T01:41:32,2025-08-08,1173,70,Retail,CASH,,8.63,AUD
1241,2025-08-08T12:44:54,2025-08-08,881,73,Retail,PAYPAL,,12.64,AUD
1242,2025-08-08T08:32:33,2025-08-08,151,61,Retail,CARD,,17.52,AUD
1243,2025-08-08T16:53:20,2025-08-08,1149,48,Retail,PAYPAL,,15.09,AUD
1244,2025-08-08T07:14:30,2025-08-08,1348,68,Retail,PAYPAL,,15.44,AUD
1245,2025-08-08T01:52:24,2025-08-08,1019,66,Retail,AFTERPAY,,8.00,AUD
1246,2025-08-08T11:05:27,2025-08-08,393,58,Retail,CARD,COUPON808,18.33,AUD
1247,2025-08-08T13:27:05,2025-08-08,815,36,Retail,CASH,,9.50,AUD
1248,2025-08-08T02:51:28,2025-08-08,800,68,Retail,AFTERPAY,,14.50,AUD
1249,2025-08-08T22:31:44,2025-08-08,969,19,Retail,AFTERPAY,,1.76,AUD
1250,2025-08-08T11:35:11,2025-08-08,907,53,Retail,PAYPAL,,14.52,AUD
1251,2025-08-08T00:27:14,2025-08-08,720,32,Retail,AFTERPAY,COUPON329,11.54,AUD
1252,2025-08-08T05:45:20,2025-08-08,249,75,Retail,CASH,,7.53,AUD
1253,2025-08-08T18:55:02,2025-08-08,743,39,Retail,CASH,,10.96,AUD
1254,2025-08-08T08:35:01,2025-08-08,611,8,Retail,PAYPAL,,13.06,AUD
1255,2025-08-08T04:34:44,2025-08-08,128,73,Retail,CARD,,12.29,AUD
1256,2025-08-08T00:51:56,2025-08-08,741,2,Retail,PAYPAL,COUPON573,10.80,AUD
1257,2025-08-08T23:40:40,2025-08-08,1447,70,Retail,CASH,COUPON953,8.77,AUD
1258,2025-08-08T08:49:35,2025-08-08,806,43,Retail,CARD,,16.23,AUD
1259,2025-08-08T08:06:31,2025-08-08,74,44,Retail,AFTERPAY,,12.26,AUD
1260,2025-08-08T17:06:43,2025-08-08,37,68,Retail,PAYPAL,,12.68,AUD
1261,2025-08-08T02:31:06,2025-08-08,211,16,Retail,PAYPAL,,6.52,AUD
1262,2025-08-08T07:04:16,2025-08-08,1455,49,Retail,CARD,,19.70,AUD
1263,2025-08-08T08:19:23,2025-08-08,187,47,Retail,AFTERPAY,,19.67,AUD
1264,2025-08-08T08:25:26,2025-08-08,194,13,Retail,CASH,,16.51,AUD
1265,2025-08-08T00:25:08,2025-08-08,1274,78,Retail,CARD,,10.51,AUD
1266,2025-08-08T18:36:18,2025-08-08,331,59,Retail,CARD,,0.00,AUD
1267,2025-08-08T05:07:06,2025-08-08,1368,68,Retail,PAYPAL,,16.38,AUD
1268,2025-08-08T04:06:06,2025-08-08,1444,91,Retail,CARD,,10.52,AUD
1269,2025-08-08T00:12:02,2025-08-08,274,98,Retail,PAYPAL,,14.92,AUD
1270,2025-08-08T16:02:22,2025-08-08,1002,43,Retail,PAYPAL,,13.04,AUD
1271,2025-08-08T23:50:24,2025-08-08,1353,99,Retail,PAYPAL,,11.54,AUD
1272,2025-08-08T13:59:54,2025-08-08,80,91,Retail,AFTERPAY,,6.04,AUD
1273,2025-08-08T19:58:50,2025-08-08,780,95,Retail,CARD,,16.84,AUD
1274,2025-08-08T07:23:14,2025-08-08,1304,44,Retail,CASH,,12.30,AUD
1275,2025-08-08T13:36:27,2025-08-08,1312,5,Retail,CARD,,18.43,AUD
1276,2025-08-08T23:27:23,2025-08-08,962,70,Retail,CARD,,15.53,AUD
1277,2025-08-08T15:35:11,2025-08-08,348,8,Retail,PAYPAL,,21.51,AUD
1278,2025-08-08T03:15:08,2025-08-08,31,19,Retail,CARD,,8.85,AUD
1279,2025-08-08T10:37:14,2025-08-08,1534,89,Retail,PAYPAL,,8.94,AUD
1280,2025-08-08T20:24:14,2025-08-08,1463,37,Retail,PAYPAL,,13.48,AUD
1281,2025-08-08T08:51:46,2025-08-08,1157,27,Retail,PAYPAL,,9.10,AUD
1282,2025-08-08T17:11:14,2025-08-08,631,26,Retail,PAYPAL,,17.06,AUD
1283,2025-08-08T12:22:42,2025-08-08,790,98,Retail,CASH,,6.20,AUD
1284,2025-08-08T23:24:36,2025-08-08,1587,99,Retail,CASH,,14.26,AUD
1285,2025-08-08T23:51:29,2025-08-08,450,33,Retail,PAYPAL,,22.75,AUD
1286,2025-08-08T01:18:24,2025-08-08,594,71,Retail,CARD,,15.25,AUD
1287,2025-08-08T18:39:13,2025-08-08,1203,51,Retail,CARD,,1.13,AUD
1288,2025-08-08T08:04:22,2025-08-08,1118,98,Retail,AFTERPAY,,9.38,AUD
1289,2025-08-08T17:57:52,2025-08-08,342,1,Retail,AFTERPAY,,20.30,AUD
1290,2025-08-08T07:01:18,2025-08-08,1092,56,Retail,CARD,,12.39,AUD
1291,2025-08-08T22:41:22,2025-08-08,1467,31,Retail,CASH,,12.18,AUD
1292,2025-08-08T16:01:41,2025-08-08,187,79,Retail,PAYPAL,,6.00,AUD
1293,2025-08-08T16:08:53,2025-08-08,1182,54,Retail,CASH,,4.33,AUD
1294,2025-08-08T09:54:09,2025-08-08,1152,92,Retail,CASH,,14.58,AUD
1295,2025-08-08T03:11:40,2025-08-08,912,19,Retail,CASH,,14.80,AUD
1296,2025-08-08T23:43:25,2025-08-08,15,76,Retail,CASH,,12.10,AUD
1297,2025-08-08T01:16:12,2025-08-08,56,86,Retail,AFTERPAY,,10.01,AUD
1298,2025-08-08T13:25:38,2025-08-08,1484,80,Retail,PAYPAL,,10.60,AUD
1299,2025-08-08T18:16:12,2025-08-08,1482,61,Retail,PAYPAL,COUPON675,0.76,AUD
1300,2025-08-08T18:32:33,2025-08-08,11,34,Retail,AFTERPAY,,19.66,AUD
1301,2025-08-08T16:51:11,2025-08-08,999,30,Retail,CASH,,4.91,AUD
1302,2025-08-08T21:26:48,2025-08-08,529,28,Retail,CASH,,9.33,AUD
1303,2025-08-08T16:04:15,2025-08-08,894,38,Retail,AFTERPAY,,4.09,AUD
1304,2025-08-08T09:48:49,2025-08-08,38,47,Retail,PAYPAL,,18.29,AUD
1305,2025-08-08T04:20:43,2025-08-08,135,32,Retail,AFTERPAY,,5.50,AUD
1306,2025-08-08T15:57:08,2025-08-08,1106,72,Retail,PAYPAL,,15.10,AUD
1307,2025-08-08T07:02:46,2025-08-08,1297,47,Retail,PAYPAL,,11.81,AUD
1308,2025-08-08T10:56:30,2025-08-08,1303,94,Retail,AFTERPAY,,7.66,AUD
1309,2025-08-08T03:21:07,2025-08-08,1557,71,Retail,PAYPAL,,11.07,AUD
1310,2025-08-08T00:16:42,2025-08-08,935,90,Retail,AFTERPAY,COUPON314,9.26,AUD
1311,2025-08-08T21:44:55,2025-08-08,615,16,Retail,CARD,,13.26,AUD
1312,2025-08-08T11:00:26,2025-08-08,1184,36,Retail,PAYPAL,,16.97,AUD
1313,2025-08-08T18:59:37,2025-08-08,1247,59,Retail,CASH,COUPON103,6.22,AUD
1314,2025-08-08T17:51:38,2025-08-08,1407,85,Retail,PAYPAL,,16.62,AUD
1315,2025-08-08T04:10:08,2025-08-08,238,39,Retail,CASH,,10.27,AUD
1316,2025-08-08T12:46:12,2025-08-08,1185,44,Retail,CARD,,7.06,AUD
1317,2025-08-08T19:26:34,2025-08-08,133,91,Retail,AFTERPAY,,17.05,AUD
1318,2025-08-08T13:59:15,2025-08-08,531,64,Retail,CASH,,4.03,AUD
1319,2025-08-08T10:18:26,2025-08-08,533,77,Retail,CASH,,16.84,AUD
1320,2025-08-08T18:35:29,2025-08-08,1573,38,Retail,CARD,,0.38,AUD
1321,2025-08-08T18:20:03,2025-08-08,370,80,Retail,CASH,,14.55,AUD
1322,2025-08-08T06:06:43,2025-08-08,670,46,Retail,PAYPAL,,11.50,AUD
1323,2025-08-08T17:34:25,2025-08-08,687,48,Retail,CARD,COUPON339,13.22,AUD
1324,2025-08-08T00:28:37,2025-08-08,279,12,Retail,AFTERPAY,,12.21,AUD
1325,2025-08-08T11:37:41,2025-08-08,735,18,Retail,PAYPAL,,11.58,AUD
1326,2025-08-08T18:30:36,2025-08-08,708,74,Retail,AFTERPAY,,13.51,AUD
1327,2025-08-08T12:22:18,2025-08-08,1359,39,Retail,CARD,,7.82,AUD
1328,2025-08-08T15:58:53,2025-08-08,130,4,Retail,CASH,COUPON636,7.77,AUD
1329,2025-08-08T03:47:40,2025-08-08,1108,68,Retail,PAYPAL,,11.83,AUD
1330,2025-08-08T13:43:01,2025-08-08,68,46,Retail,CARD,,19.87,AUD
1331,2025-08-08T22:59:00,2025-08-08,1207,74,Retail,PAYPAL,,7.58,AUD
1332,2025-08-08T01:14:54,2025-08-08,394,76,Retail,CASH,,9.56,AUD
1333,2025-08-08T19:12:37,2025-08-08,985,31,Retail,AFTERPAY,,13.48,AUD
1334,2025-08-08T03:10:32,2025-08-08,298,55,Retail,CASH,,8.27,AUD
1335,2025-08-08T04:57:06,2025-08-08,1240,79,Retail,CARD,,8.99,AUD
1336,2025-08-08T09:41:54,2025-08-08,1033,68,Retail,PAYPAL,,15.37,AUD
1337,2025-08-08T16:40:40,2025-08-08,13,18,Retail,PAYPAL,,16.53,AUD
1338,2025-08-08T10:03:11,2025-08-08,1531,60,Retail,PAYPAL,,10.16,AUD
1339,2025-08-08T17:51:24,2025-08-08,1036,8,Retail,AFTERPAY,,9.64,AUD
1340,2025-08-08T08:49:56,2025-08-08,805,97,Retail,PAYPAL,,9.21,AUD
1341,2025-08-08T16:03:47,2025-08-08,416,79,Retail,AFTERPAY,,20.65,AUD
1342,2025-08-08T12:54:55,2025-08-08,1121,15,Retail,CARD,COUPON631,18.28,AUD
1343,2025-08-08T22:13:54,2025-08-08,745,37,Retail,CARD,,8.67,AUD
1344,2025-08-08T19:58:27,2025-08-08,137,89,Retail,CARD,,6.02,AUD
1345,2025-08-08T01:34:34,2025-08-08,267,17,Retail,CASH,COUPON559,13.52,AUD
1346,2025-08-08T12:02:19,2025-08-08,777,33,Retail,CASH,,7.25,AUD
1347,2025-08-08T08:39:42,2025-08-08,900,89,Retail,CARD,,13.96,AUD
1348,2025-08-08T05:10:15,2025-08-08,1257,19,Retail,PAYPAL,,27.05,AUD
1349,2025-08-08T01:36:27,2025-08-08,743,37,Retail,PAYPAL,,12.81,AUD
1350,2025-08-08T09:00:38,2025-08-08,94,23,Retail,PAYPAL,COUPON204,8.21,AUD
1351,2025-08-08T01:27:37,2025-08-08,1238,80,Retail,CASH,,4.51,AUD
1352,2025-08-08T04:55:41,2025-08-08,212,72,Retail,PAYPAL,,7.57,AUD
1353,2025-08-08T03:19:13,2025-08-08,566,59,Retail,PAYPAL,,16.17,AUD
1354,2025-08-08T10:25:37,2025-08-08,1072,29,Retail,CARD,COUPON518,18.47,AUD
1355,2025-08-08T12:43:34,2025-08-08,568,18,Retail,PAYPAL,COUPON586,11.16,AUD
1356,2025-08-08T06:34:29,2025-08-08,410,22,Retail,CARD,,20.90,AUD
1357,2025-08-08T12:42:37,2025-08-08,1178,42,Retail,AFTERPAY,,12.20,AUD
1358,2025-08-08T09:52:27,2025-08-08,964,31,Retail,AFTERPAY,,13.23,AUD
1359,2025-08-08T12:45:49,2025-08-08,910,23,Retail,CARD,,18.83,AUD
1360,2025-08-08T16:08:30,2025-08-08,893,26,Retail,AFTERPAY,COUPON878,10.13,AUD
1361,2025-08-08T01:55:15,2025-08-08,948,51,Retail,CASH,,14.16,AUD
1362,2025-08-08T13:36:25,2025-08-08,358,29,Retail,CARD,,8.38,AUD
1363,2025-08-08T07:12:47,2025-08-08,887,26,Retail,PAYPAL,,15.98,AUD
1364,2025-08-08T04:54:11,2025-08-08,676,38,Retail,PAYPAL,,8.31,AUD
1365,2025-08-08T21:59:26,2025-08-08,215,41,Retail,CASH,,15.09,AUD
1366,2025-08-08T07:38:19,2025-08-08,1264,37,Retail,AFTERPAY,,6.94,AUD
1367,2025-08-08T01:01:10,2025-08-08,1312,41,Retail,CARD,,12.83,AUD
1368,2025-08-08T17:19:45,2025-08-08,170,17,Retail,AFTERPAY,,7.52,AUD
1369,2025-08-08T05:16:28,2025-08-08,1598,80,Retail,CASH,,12.35,AUD
1370,2025-08-08T09:44:02,2025-08-08,1335,74,Retail,CASH,COUPON197,6.52,AUD
1371,2025-08-08T21:21:09,2025-08-08,497,2,Retail,PAYPAL,,1.63,AUD
1372,2025-08-08T16:12:07,2025-08-08,366,50,Retail,PAYPAL,,19.23,AUD
1373,2025-08-08T21:22:26,2025-08-08,967,18,Retail,PAYPAL,,7.71,AUD
1374,2025-08-08T01:16:20,2025-08-08,1561,95,Retail,PAYPAL,,12.04,AUD
1375,2025-08-08T19:40:49,2025-08-08,542,71,Retail,CARD,,0.72,AUD
1376,2025-08-08T17:11:44,2025-08-08,1158,31,Retail,CARD,,10.22,AUD
1377,2025-08-08T18:44:33,2025-08-08,1088,82,Retail,PAYPAL,COUPON518,19.39,AUD
1378,2025-08-08T19:17:02,2025-08-08,735,100,Retail,PAYPAL,,12.47,AUD
1379,2025-08-08T00:25:47,2025-08-08,124,88,Retail,CASH,,7.88,AUD
1380,2025-08-08T21:54:47,2025-08-08,856,14,Retail,CARD,COUPON593,12.16,AUD
1381,2025-08-08T22:38:57,2025-08-08,397,19,Retail,AFTERPAY,,11.97,AUD
1382,2025-08-08T10:48:12,2025-08-08,1237,92,Retail,AFTERPAY,,16.12,AUD
1383,2025-08-08T23:57:41,2025-08-08,33,16,Retail,PAYPAL,,10.40,AUD
1384,2025-08-08T04:56:55,2025-08-08,931,73,Retail,CASH,,10.39,AUD
1385,2025-08-08T22:21:32,2025-08-08,1357,1,Retail,CARD,,18.25,AUD
1386,2025-08-08T18:12:28,2025-08-08,453,44,Retail,PAYPAL,,0.00,AUD
1387,2025-08-08T14:12:11,2025-08-08,1421,15,Retail,PAYPAL,,10.01,AUD
1388,2025-08-08T02:45:33,2025-08-08,1564,93,Retail,AFTERPAY,,14.20,AUD
1389,2025-08-08T12:23:54,2025-08-08,487,78,Retail,CARD,,17.06,AUD
1390,2025-08-08T18:56:09,2025-08-08,1230,56,Retail,CARD,,4.92,AUD
1391,2025-08-08T11:57:12,2025-08-08,185,99,Retail,AFTERPAY,COUPON416,11.92,AUD
1392,2025-08-08T04:06:15,2025-08-08,245,8,Retail,CARD,,8.28,AUD
1393,2025-08-08T14:03:10,2025-08-08,137,46,Retail,PAYPAL,,14.56,AUD
1394,2025-08-08T01:17:28,2025-08-08,1573,75,Retail,CARD,,16.70,AUD
1395,2025-08-08T18:38:30,2025-08-08,313,99,Retail,CASH,COUPON278,7.23,AUD
1396,2025-08-08T16:28:58,2025-08-08,802,64,Retail,PAYPAL,,3.84,AUD
1397,2025-08-08T05:02:09,2025-08-08,1202,28,Retail,CARD,,22.09,AUD
1398,2025-08-08T03:54:29,2025-08-08,1431,16,Retail,PAYPAL,,11.24,AUD
1399,2025-08-08T04:47:39,2025-08-08,1171,38,Retail,PAYPAL,,12.61,AUD
1400,2025-08-08T21:08:29,2025-08-08,9999999999,91,Retail,CASH,,8.79,AUD
1401,2025-08-08T05:13:46,2025-08-08,624,90,Retail,CARD,COUPON739,8.81,AUD
1402,2025-08-08T02:44:48,2025-08-08,121,91,Retail,AFTERPAY,COUPON846,17.90,AUD
1403,2025-08-08T03:51:11,2025-08-08,1312,1,Retail,AFTERPAY,,9.95,AUD
1404,2025-08-08T02:50:31,2025-08-08,1263,56,Retail,CARD,,8.93,AUD
1405,2025-08-08T22:39:44,2025-08-08,1217,38,Retail,AFTERPAY,,3.41,AUD
1406,2025-08-08T01:58:22,2025-08-08,312,2,Retail,AFTERPAY,,2.47,AUD
1407,2025-08-08T20:58:23,2025-08-08,221,70,Retail,CASH,,16.12,AUD
1408,2025-08-08T00:15:34,2025-08-08,555,55,Retail,CARD,,18.43,AUD
1409,2025-08-08T20:34:33,2025-08-08,74,58,Retail,AFTERPAY,,9.34,AUD
1410,2025-08-08T17:08:36,2025-08-08,1224,51,Retail,PAYPAL,,13.70,AUD
1411,2025-08-08T07:18:06,2025-08-08,801,47,Retail,CARD,,23.38,AUD
1412,2025-08-08T09:22:31,2025-08-08,32,62,Retail,CASH,,17.76,AUD
1413,2025-08-08T19:37:33,2025-08-08,864,98,Retail,PAYPAL,COUPON257,13.53,AUD
1414,2025-08-08T00:17:53,2025-08-08,1416,46,Retail,CARD,COUPON311,7.06,AUD
1415,2025-08-08T15:04:00,2025-08-08,484,66,Retail,PAYPAL,,8.44,AUD
1416,2025-08-08T20:29:53,2025-08-08,1568,77,Retail,AFTERPAY,COUPON362,9.83,AUD
1417,2025-08-08T17:37:10,2025-08-08,723,71,Retail,CASH,,10.69,AUD
1418,2025-08-08T06:04:11,2025-08-08,1596,20,Retail,PAYPAL,,11.47,AUD
1419,2025-08-08T20:38:49,2025-08-08,299,27,Retail,AFTERPAY,,11.57,AUD
1420,2025-08-08T14:24:27,2025-08-08,668,84,Retail,AFTERPAY,,5.63,AUD
1421,2025-08-08T23:26:41,2025-08-08,618,66,Retail,CASH,,9.87,AUD
1422,2025-08-08T00:02:51,2025-08-08,861,25,Retail,CASH,,14.83,AUD
1423,2025-08-08T05:42:15,2025-08-08,228,83,Retail,PAYPAL,,10.21,AUD
1424,2025-08-08T06:20:51,2025-08-08,1203,89,Retail,CASH,,13.22,AUD
1425,2025-08-08T20:15:21,2025-08-08,1131,94,Retail,CARD,COUPON245,11.23,AUD
1426,2025-08-08T21:54:06,2025-08-08,338,25,Retail,CARD,,8.77,AUD
1427,2025-08-08T12:38:35,2025-08-08,1310,66,Retail,AFTERPAY,,14.49,AUD
1428,2025-08-08T11:27:45,2025-08-08,278,29,Retail,AFTERPAY,COUPON713,22.38,AUD
1429,2025-08-08T14:58:08,2025-08-08,726,49,Retail,AFTERPAY,,21.07,AUD
1430,2025-08-08T14:11:20,2025-08-08,192,4,Retail,AFTERPAY,,16.49,AUD
1431,2025-08-08T21:53:56,2025-08-08,562,65,Retail,CASH,COUPON268,17.41,AUD
1432,2025-08-08T00:35:18,2025-08-08,1295,98,Retail,CASH,,14.70,AUD
1433,2025-08-08T15:07:37,2025-08-08,362,41,Retail,PAYPAL,,15.20,AUD
1434,2025-08-08T05:06:45,2025-08-08,1564,12,Retail,CASH,,13.47,AUD
1435,2025-08-08T21:17:47,2025-08-08,274,58,Retail,CASH,,17.73,AUD
1436,2025-08-08T09:44:49,2025-08-08,1063,24,Retail,PAYPAL,,20.31,AUD
1437,2025-08-08T02:21:17,2025-08-08,1372,85,Retail,CARD,,2.54,AUD
1438,2025-08-08T01:24:46,2025-08-08,964,80,Retail,AFTERPAY,,6.03,AUD
1439,2025-08-08T03:20:21,2025-08-08,9999999999,24,Retail,AFTERPAY,,17.24,AUD
1440,2025-08-08T18:22:09,2025-08-08,733,10,Retail,AFTERPAY,,0.95,AUD
1441,2025-08-08T21:14:37,2025-08-08,948,61,Retail,CARD,,14.78,AUD
1442,2025-08-08T12:01:13,2025-08-08,1574,87,Retail,AFTERPAY,,19.10,AUD
1443,2025-08-08T09:10:04,2025-08-08,1331,22,Retail,AFTERPAY,COUPON955,4.45,AUD
1444,2025-08-08T06:54:23,2025-08-08,293,71,Retail,CARD,,8.49,AUD
1445,2025-08-08T22:57:32,2025-08-08,1456,74,Retail,AFTERPAY,,18.03,AUD
1446,2025-08-08T11:24:26,2025-08-08,1123,92,Retail,CASH,,11.42,AUD
1447,2025-08-08T04:04:14,2025-08-08,1584,7,Retail,CARD,,17.74,AUD
1448,2025-08-08T20:28:51,2025-08-08,1329,64,Retail,CASH,,8.73,AUD
1449,2025-08-08T05:19:20,2025-08-08,958,18,Retail,CARD,,18.82,AUD
1450,2025-08-08T07:04:37,2025-08-08,365,51,Retail,CASH,,15.48,AUD
1451,2025-08-08T20:47:01,2025-08-08,1288,25,Retail,CASH,,9.66,AUD
1452,2025-08-08T00:40:20,2025-08-08,1336,40,Retail,PAYPAL,,14.13,AUD
1453,2025-08-08T01:37:36,2025-08-08,967,73,Retail,PAYPAL,,12.23,AUD
1454,2025-08-08T08:33:31,2025-08-08,226,10,Retail,AFTERPAY,COUPON433,13.85,AUD
1455,2025-08-08T15:20:59,2025-08-08,1066,32,Retail,CASH,,9.03,AUD
1456,2025-08-08T17:41:06,2025-08-08,738,56,Retail,AFTERPAY,,20.29,AUD
1457,2025-08-08T02:12:56,2025-08-08,705,88,Retail,PAYPAL,,10.27,AUD
1458,2025-08-08T06:12:38,2025-08-08,217,91,Retail,CASH,,9.88,AUD
1459,2025-08-08T20:42:57,2025-08-08,169,76,Retail,CASH,,23.60,AUD
1460,2025-08-08T04:40:07,2025-08-08,691,41,Retail,CASH,COUPON680,8.46,AUD
1461,2025-08-08T07:39:23,2025-08-08,64,53,Retail,PAYPAL,,14.78,AUD
1462,2025-08-08T23:22:35,2025-08-08,128,63,Retail,CARD,,18.29,AUD
1463,2025-08-08T02:40:09,2025-08-08,1564,61,Retail,CARD,,19.72,AUD
1464,2025-08-08T07:30:19,2025-08-08,887,76,Retail,CARD,,9.35,AUD
1465,2025-08-08T07:53:05,2025-08-08,156,9999999998,Retail,AFTERPAY,COUPON770,12.22,AUD
1466,2025-08-08T17:45:53,2025-08-08,1301,34,Retail,CASH,,17.56,AUD
1467,2025-08-08T05:03:57,2025-08-08,535,26,Retail,CARD,,17.63,AUD
1468,2025-08-08T06:28:48,2025-08-08,1422,46,Retail,PAYPAL,,18.09,AUD
1469,2025-08-08T23:06:44,2025-08-08,1586,26,Retail,AFTERPAY,,5.46,AUD
1470,2025-08-08T12:24:58,2025-08-08,814,1,Retail,AFTERPAY,,5.86,AUD
1471,2025-08-08T01:15:46,2025-08-08,30,35,Retail,CARD,,11.54,AUD
1472,2025-08-08T17:25:20,2025-08-08,992,53,Retail,CASH,,17.11,AUD
1473,2025-08-08T01:31:42,2025-08-08,1120,48,Retail,CARD,,1.22,AUD
1474,2025-08-08T04:18:49,2025-08-08,1299,41,Retail,CARD,,20.85,AUD
1475,2025-08-08T04:34:27,2025-08-08,1544,25,Retail,PAYPAL,,11.28,AUD
1476,2025-08-08T21:57:28,2025-08-08,650,28,Retail,AFTERPAY,,8.61,AUD
1477,2025-08-08T22:35:00,2025-08-08,968,5,Retail,PAYPAL,,1.18,AUD
1478,2025-08-08T09:43:41,2025-08-08,179,9999999998,Retail,AFTERPAY,,24.07,AUD
1479,2025-08-08T00:40:48,2025-08-08,871,44,Retail,PAYPAL,,14.73,AUD
1480,2025-08-08T08:03:19,2025-08-08,340,61,Retail,CASH,,15.98,AUD
1481,2025-08-08T16:10:50,2025-08-08,1564,41,Retail,CARD,,9.97,AUD
1482,2025-08-08T06:50:54,2025-08-08,1516,88,Retail,PAYPAL,,6.33,AUD
1483,2025-08-08T23:26:33,2025-08-08,646,29,Retail,PAYPAL,,8.97,AUD
1484,2025-08-08T09:26:08,2025-08-08,1439,82,Retail,CARD,COUPON124,12.10,AUD
1485,2025-08-08T12:26:36,2025-08-08,213,65,Retail,PAYPAL,,15.17,AUD
1486,2025-08-08T14:04:40,2025-08-08,882,26,Retail,PAYPAL,,6.52,AUD
1487,2025-08-08T01:44:22,2025-08-08,1521,60,Retail,CARD,,4.80,AUD
1488,2025-08-08T09:21:19,2025-08-08,1004,60,Retail,PAYPAL,COUPON142,4.00,AUD
1489,2025-08-08T03:28:19,2025-08-08,805,26,Retail,PAYPAL,,10.05,AUD
1490,2025-08-08T12:47:12,2025-08-08,1588,40,Retail,CASH,,18.70,AUD
1491,2025-08-08T13:00:20,2025-08-08,68,87,Retail,PAYPAL,,8.37,AUD
1492,2025-08-08T20:31:44,2025-08-08,863,40,Retail,PAYPAL,,13.25,AUD
1493,2025-08-08T21:34:38,2025-08-08,79,17,Retail,PAYPAL,,7.71,AUD
1494,2025-08-08T16:17:40,2025-08-08,419,52,Retail,AFTERPAY,,15.71,AUD
1495,2025-08-08T19:05:32,2025-08-08,791,57,Retail,PAYPAL,,14.49,AUD
1496,2025-08-08T17:04:29,2025-08-08,206,98,Retail,CARD,,14.31,AUD
1497,2025-08-08T11:48:20,2025-08-08,908,48,Retail,AFTERPAY,,5.15,AUD
1498,2025-08-08T03:49:30,2025-08-08,944,57,Retail,CASH,COUPON551,11.94,AUD
1499,2025-08-08T05:50:08,2025-08-08,1596,33,Retail,CARD,COUPON115,9.31,AUD
1500,2025-08-08T21:52:14,2025-08-08,1035,99,Retail,CARD,,20.78,AUD
1501,2025-08-08T08:14:30,2025-08-08,542,52,Retail,AFTERPAY,,9.25,AUD
1502,2025-08-08T02:49:42,2025-08-08,382,48,Retail,AFTERPAY,,12.40,AUD
1503,2025-08-08T18:51:01,2025-08-08,912,26,Retail,CASH,,7.87,AUD
1504,2025-08-08T20:06:35,2025-08-08,1052,63,Retail,CARD,,11.46,AUD
1505,2025-08-08T20:26:15,2025-08-08,69,82,Retail,PAYPAL,,16.42,AUD
1506,2025-08-08T17:52:52,2025-08-08,1185,55,Retail,AFTERPAY,,21.82,AUD
1507,2025-08-08T23:40:26,2025-08-08,3,54,Retail,CASH,,19.64,AUD
1508,2025-08-08T15:01:11,2025-08-08,58,56,Retail,AFTERPAY,,21.05,AUD
1509,2025-08-08T08:32:41,2025-08-08,820,42,Retail,CASH,,10.22,AUD
1510,2025-08-08T04:40:48,2025-08-08,1269,11,Retail,CASH,COUPON987,12.94,AUD
1511,2025-08-08T14:19:47,2025-08-08,770,37,Retail,AFTERPAY,,13.54,AUD
1512,2025-08-08T21:05:57,2025-08-08,270,31,Retail,CASH,COUPON123,9.40,AUD
1513,2025-08-08T18:59:07,2025-08-08,653,95,Retail,AFTERPAY,,9.83,AUD
1514,2025-08-08T12:45:27,2025-08-08,545,11,Retail,CASH,,4.84,AUD
1515,2025-08-08T23:39:11,2025-08-08,940,27,Retail,PAYPAL,,10.30,AUD
1516,2025-08-08T11:07:24,2025-08-08,1514,93,Retail,CARD,,10.05,AUD
1517,2025-08-08T07:25:52,2025-08-08,219,17,Retail,CARD,,15.93,AUD
1518,2025-08-08T07:53:31,2025-08-08,1416,73,Retail,CASH,,13.32,AUD
1519,2025-08-08T10:35:57,2025-08-08,184,74,Retail,PAYPAL,,4.14,AUD
1520,2025-08-08T21:28:44,2025-08-08,195,79,Retail,CASH,COUPON359,12.60,AUD
1521,2025-08-08T06:12:34,2025-08-08,1506,72,Retail,PAYPAL,,7.48,AUD
1522,2025-08-08T04:56:32,2025-08-08,1016,2,Retail,CASH,,14.08,AUD
1523,2025-08-08T09:17:07,2025-08-08,571,71,Retail,CASH,,17.62,AUD
1524,2025-08-08T07:28:10,2025-08-08,615,39,Retail,CARD,,16.02,AUD
1525,2025-08-08T05:48:19,2025-08-08,178,50,Retail,AFTERPAY,,15.70,AUD
1526,2025-08-08T12:12:18,2025-08-08,1494,61,Retail,PAYPAL,,9.92,AUD
1527,2025-08-08T01:10:59,2025-08-08,1331,38,Retail,CARD,,17.00,AUD
1528,2025-08-08T22:27:22,2025-08-08,805,96,Retail,CASH,,9.05,AUD
1529,2025-08-08T00:52:45,2025-08-08,1572,70,Retail,AFTERPAY,,18.89,AUD
1530,2025-08-08T19:10:27,2025-08-08,1139,53,Retail,CASH,,17.86,AUD
1531,2025-08-08T07:43:11,2025-08-08,69,50,Retail,CASH,,7.36,AUD
1532,2025-08-08T08:31:09,2025-08-08,1579,64,Retail,CASH,,14.10,AUD
1533,2025-08-08T21:41:12,2025-08-08,865,75,Retail,CASH,COUPON288,10.67,AUD
1534,2025-08-08T11:59:16,2025-08-08,1092,3,Retail,CARD,,14.57,AUD
1535,2025-08-08T01:02:02,2025-08-08,1294,46,Retail,AFTERPAY,,11.48,AUD
1536,2025-08-08T13:22:26,2025-08-08,297,4,Retail,CARD,,17.98,AUD
1537,2025-08-08T00:10:35,2025-08-08,461,51,Retail,CASH,,14.52,AUD
1538,2025-08-08T20:59:46,2025-08-08,1464,66,Retail,PAYPAL,,9.27,AUD
1539,2025-08-08T16:50:15,2025-08-08,1198,45,Retail,CASH,,9.43,AUD
1540,2025-08-08T03:13:06,2025-08-08,1015,75,Retail,CARD,,9.87,AUD
1541,2025-08-08T21:42:00,2025-08-08,1063,78,Retail,CARD,,14.03,AUD
1542,2025-08-08T16:01:19,2025-08-08,1574,49,Retail,CARD,,5.74,AUD
1543,2025-08-08T11:59:12,2025-08-08,802,3,Retail,AFTERPAY,,11.54,AUD
1544,2025-08-08T10:03:49,2025-08-08,122,30,Retail,AFTERPAY,,12.71,AUD
1545,2025-08-08T16:25:36,2025-08-08,204,18,Retail,CARD,COUPON735,10.92,AUD
1546,2025-08-08T20:53:26,2025-08-08,190,94,Retail,CASH,,17.71,AUD
1547,2025-08-08T15:59:10,2025-08-08,121,48,Retail,CARD,,7.64,AUD
1548,2025-08-08T09:01:58,2025-08-08,1557,54,Retail,CASH,,14.42,AUD
1549,2025-08-08T07:19:06,2025-08-08,1355,22,Retail,AFTERPAY,,10.91,AUD
1550,2025-08-08T19:10:53,2025-08-08,865,47,Retail,AFTERPAY,,1.39,AUD
1551,2025-08-08T16:25:32,2025-08-08,1513,5,Retail,CASH,,7.40,AUD
1552,2025-08-08T20:15:27,2025-08-08,241,18,Retail,PAYPAL,,7.15,AUD
1553,2025-08-08T16:51:02,2025-08-08,1088,74,Retail,PAYPAL,,12.63,AUD
1554,2025-08-08T07:35:30,2025-08-08,784,78,Retail,AFTERPAY,COUPON821,8.16,AUD
1555,2025-08-08T22:37:21,2025-08-08,286,6,Retail,CARD,,9.06,AUD
1556,2025-08-08T18:06:24,2025-08-08,751,26,Retail,PAYPAL,,8.67,AUD
1557,2025-08-08T21:52:06,2025-08-08,16,12,Retail,CASH,,7.16,AUD
1558,2025-08-08T21:12:55,2025-08-08,1549,90,Retail,PAYPAL,COUPON833,11.11,AUD
1559,2025-08-08T04:38:15,2025-08-08,1037,69,Retail,AFTERPAY,,8.45,AUD
1560,2025-08-08T05:31:37,2025-08-08,8,93,Retail,PAYPAL,,19.92,AUD
1561,2025-08-08T22:55:44,2025-08-08,1255,3,Retail,AFTERPAY,COUPON898,10.40,AUD
1562,2025-08-08T21:47:56,2025-08-08,23,100,Retail,AFTERPAY,,11.95,AUD
1563,2025-08-08T14:51:57,2025-08-08,1249,40,Retail,CARD,,11.11,AUD
1564,2025-08-08T20:12:00,2025-08-08,1100,66,Retail,AFTERPAY,COUPON501,4.25,AUD
1565,2025-08-08T19:25:00,2025-08-08,773,10,Retail,CASH,,6.33,AUD
1566,2025-08-08T20:53:22,2025-08-08,1261,85,Retail,CASH,,8.49,AUD
1567,2025-08-08T09:35:09,2025-08-08,574,29,Retail,AFTERPAY,,9.58,AUD
1568,2025-08-08T10:47:34,2025-08-08,515,31,Retail,CASH,,7.16,AUD
1569,2025-08-08T07:26:21,2025-08-08,511,41,Retail,AFTERPAY,,6.56,AUD
1570,2025-08-08T22:43:44,2025-08-08,1117,16,Retail,CARD,COUPON343,11.84,AUD
1571,2025-08-08T14:16:57,2025-08-08,1318,16,Retail,CARD,,14.93,AUD
1572,2025-08-08T22:11:11,2025-08-08,1516,79,Retail,PAYPAL,,5.06,AUD
1573,2025-08-08T17:52:50,2025-08-08,568,40,Retail,AFTERPAY,,11.06,AUD
1574,2025-08-08T14:43:23,2025-08-08,133,78,Retail,CARD,,17.35,AUD
1575,2025-08-08T07:09:09,2025-08-08,987,94,Retail,PAYPAL,,9.42,AUD
1576,2025-08-08T18:22:55,2025-08-08,1132,45,Retail,CARD,,7.55,AUD
1577,2025-08-08T04:35:22,2025-08-08,1180,42,Retail,AFTERPAY,,10.37,AUD
1578,2025-08-08T10:18:33,2025-08-08,855,75,Retail,PAYPAL,,7.13,AUD
1579,2025-08-08T06:55:12,2025-08-08,1012,89,Retail,AFTERPAY,,5.72,AUD
1580,2025-08-08T11:14:41,2025-08-08,889,25,Retail,CARD,,0.00,AUD
1581,2025-08-08T20:47:32,2025-08-08,561,12,Retail,PAYPAL,,2.41,AUD
1582,2025-08-08T22:26:40,2025-08-08,1185,1,Retail,CARD,,7.73,AUD
1583,2025-08-08T17:40:27,2025-08-08,183,20,Retail,CARD,,9.51,AUD
1584,2025-08-08T20:16:11,2025-08-08,588,23,Retail,CARD,,16.50,AUD
1585,2025-08-08T18:08:08,2025-08-08,579,88,Retail,CARD,COUPON418,0.83,AUD
1586,2025-08-08T13:04:59,2025-08-08,132,83,Retail,CARD,COUPON254,12.80,AUD
1587,2025-08-08T14:09:40,2025-08-08,1315,87,Retail,CASH,,9.64,AUD
1588,2025-08-08T13:00:00,2025-08-08,649,100,Retail,PAYPAL,,10.69,AUD
1589,2025-08-08T18:15:03,2025-08-08,1319,65,Retail,AFTERPAY,COUPON367,5.43,AUD
1590,2025-08-08T20:20:51,2025-08-08,1376,5,Retail,CASH,,9.88,AUD
1591,2025-08-08T20:02:32,2025-08-08,380,24,Retail,CASH,COUPON642,9.39,AUD
1592,2025-08-08T00:41:23,2025-08-08,1129,32,Retail,AFTERPAY,,12.84,AUD
1593,2025-08-08T14:19:09,2025-08-08,565,84,Retail,AFTERPAY,,10.35,AUD
1594,2025-08-08T02:25:11,2025-08-08,840,68,Retail,AFTERPAY,,14.10,AUD
1595,2025-08-08T14:43:04,2025-08-08,1111,19,Retail,CASH,,9.59,AUD
1596,2025-08-08T08:21:38,2025-08-08,523,65,Retail,PAYPAL,,13.87,AUD
1597,2025-08-08T09:11:11,2025-08-08,1295,61,Retail,PAYPAL,,13.91,AUD
1598,2025-08-08T09:12:51,2025-08-08,443,99,Retail,CASH,,9.27,AUD
1599,2025-08-08T14:34:18,2025-08-08,849,39,Retail,CARD,,15.20,AUD
1600,2025-08-08T01:12:51,2025-08-08,761,54,Retail,CASH,,5.53,AUD
1601,2025-08-08T05:57:27,2025-08-08,523,16,Retail,CASH,,3.63,AUD
1602,2025-08-08T02:36:15,2025-08-08,591,2,Retail,PAYPAL,,7.08,AUD
1603,2025-08-08T04:32:32,2025-08-08,1178,41,Retail,AFTERPAY,,11.59,AUD
1604,2025-08-08T09:27:54,2025-08-08,972,56,Retail,AFTERPAY,,15.30,AUD
1605,2025-08-08T21:13:19,2025-08-08,444,55,Retail,AFTERPAY,COUPON534,3.47,AUD
1606,2025-08-08T08:16:53,2025-08-08,2,60,Retail,CASH,,6.14,AUD
1607,2025-08-08T13:52:58,2025-08-08,1384,87,Retail,CARD,,1.78,AUD
1608,2025-08-08T11:30:15,2025-08-08,591,65,Retail,AFTERPAY,,12.10,AUD
1609,2025-08-08T17:35:26,2025-08-08,725,49,Retail,AFTERPAY,,21.55,AUD
1610,2025-08-08T09:08:42,2025-08-08,1536,19,Retail,CASH,,11.87,AUD
1611,2025-08-08T02:02:50,2025-08-08,852,8,Retail,PAYPAL,,12.45,AUD
1612,2025-08-08T15:02:22,2025-08-08,126,84,Retail,CARD,,7.67,AUD
1613,2025-08-08T10:14:09,2025-08-08,385,79,Retail,AFTERPAY,,13.23,AUD
1614,2025-08-08T18:51:41,2025-08-08,544,85,Retail,CASH,,14.75,AUD
1615,2025-08-08T13:15:52,2025-08-08,549,90,Retail,AFTERPAY,,17.50,AUD
1616,2025-08-08T12:34:51,2025-08-08,922,1,Retail,PAYPAL,,8.66,AUD
1617,2025-08-08T09:54:06,2025-08-08,97,10,Retail,CASH,,4.23,AUD
1618,2025-08-08T16:51:07,2025-08-08,1554,67,Retail,AFTERPAY,,13.93,AUD
1619,2025-08-08T00:09:58,2025-08-08,109,36,Retail,CARD,,13.37,AUD
1620,2025-08-08T05:39:48,2025-08-08,677,25,Retail,PAYPAL,,15.06,AUD
1621,2025-08-08T22:46:52,2025-08-08,294,69,Retail,CASH,,8.66,AUD
1622,2025-08-08T10:54:21,2025-08-08,939,27,Retail,CARD,,17.95,AUD
1623,2025-08-08T18:55:34,2025-08-08,435,26,Retail,AFTERPAY,,3.96,AUD
1624,2025-08-08T05:00:58,2025-08-08,1078,58,Retail,CASH,,16.00,AUD
1625,2025-08-08T21:14:29,2025-08-08,363,46,Retail,CASH,,7.58,AUD
1626,2025-08-08T16:00:42,2025-08-08,573,22,Retail,CARD,,8.78,AUD
1627,2025-08-08T11:46:55,2025-08-08,1562,19,Retail,PAYPAL,,14.66,AUD
1628,2025-08-08T18:08:29,2025-08-08,955,28,Retail,PAYPAL,,16.16,AUD
1629,2025-08-08T09:19:14,2025-08-08,242,48,Retail,AFTERPAY,,15.01,AUD
1630,2025-08-08T22:34:02,2025-08-08,588,25,Retail,PAYPAL,COUPON214,13.43,AUD
1631,2025-08-08T03:49:51,2025-08-08,182,45,Retail,AFTERPAY,,12.00,AUD
1632,2025-08-08T12:43:59,2025-08-08,1401,73,Retail,AFTERPAY,,3.44,AUD
1633,2025-08-08T05:07:02,2025-08-08,502,31,Retail,CARD,,16.75,AUD
1634,2025-08-08T08:29:01,2025-08-08,1086,23,Retail,PAYPAL,,13.81,AUD
1635,2025-08-08T08:11:58,2025-08-08,1528,39,Retail,PAYPAL,,5.65,AUD
1636,2025-08-08T21:35:11,2025-08-08,246,25,Retail,CARD,,24.45,AUD
1637,2025-08-08T19:51:40,2025-08-08,855,54,Retail,PAYPAL,,9.95,AUD
1638,2025-08-08T10:40:32,2025-08-08,144,41,Retail,AFTERPAY,COUPON712,5.07,AUD
1639,2025-08-08T07:28:11,2025-08-08,74,33,Retail,CASH,,6.73,AUD
1640,2025-08-08T00:19:07,2025-08-08,289,47,Retail,CARD,,11.56,AUD
1641,2025-08-08T23:44:35,2025-08-08,776,54,Retail,PAYPAL,,7.97,AUD
1642,2025-08-08T16:26:32,2025-08-08,1523,80,Retail,CARD,,8.40,AUD
1643,2025-08-08T07:02:33,2025-08-08,676,60,Retail,PAYPAL,,6.24,AUD
1644,2025-08-08T23:50:49,2025-08-08,907,4,Retail,CASH,,11.93,AUD
1645,2025-08-08T15:30:46,2025-08-08,9999999999,59,Retail,PAYPAL,,10.87,AUD
1646,2025-08-08T13:09:17,2025-08-08,153,15,Retail,PAYPAL,,9.78,AUD
1647,2025-08-08T13:03:24,2025-08-08,501,46,Retail,CASH,,11.99,AUD
1648,2025-08-08T03:32:30,2025-08-08,310,30,Retail,CARD,,17.63,AUD
1649,2025-08-08T05:34:45,2025-08-08,822,31,Retail,CARD,,16.55,AUD
1650,2025-08-08T08:59:33,2025-08-08,1063,74,Retail,PAYPAL,,19.78,AUD
1651,2025-08-08T01:13:10,2025-08-08,539,50,Retail,AFTERPAY,,17.43,AUD
1652,2025-08-08T04:42:20,2025-08-08,1323,37,Retail,CASH,,10.84,AUD
1653,2025-08-08T08:06:12,2025-08-08,1131,58,Retail,AFTERPAY,,11.51,AUD
1654,2025-08-08T11:54:10,2025-08-08,600,3,Retail,CARD,,14.41,AUD
1655,2025-08-08T21:40:30,2025-08-08,77,40,Retail,PAYPAL,,21.02,AUD
1656,2025-08-08T08:40:13,2025-08-08,938,88,Retail,CASH,COUPON131,7.90,AUD
1657,2025-08-08T14:32:11,2025-08-08,518,23,Retail,CASH,COUPON105,10.50,AUD
1658,2025-08-08T14:51:49,2025-08-08,1477,34,Retail,AFTERPAY,COUPON784,13.35,AUD
1659,2025-08-08T00:46:00,2025-08-08,543,6,Retail,CASH,,10.25,AUD
1660,2025-08-08T08:13:29,2025-08-08,693,96,Retail,PAYPAL,,14.06,AUD
1661,2025-08-08T10:19:38,2025-08-08,92,98,Retail,PAYPAL,,10.66,AUD
1662,2025-08-08T08:57:54,2025-08-08,1074,38,Retail,AFTERPAY,,18.12,AUD
1663,2025-08-08T16:02:10,2025-08-08,1346,71,Retail,CARD,,14.24,AUD
1664,2025-08-08T04:16:06,2025-08-08,54,94,Retail,PAYPAL,,16.25,AUD
1665,2025-08-08T02:08:48,2025-08-08,209,44,Retail,PAYPAL,,6.95,AUD
1666,2025-08-08T11:11:02,2025-08-08,617,39,Retail,CASH,,8.26,AUD
1667,2025-08-08T00:51:18,2025-08-08,28,32,Retail,CARD,COUPON807,9.62,AUD
1668,2025-08-08T12:14:51,2025-08-08,569,29,Retail,CASH,,7.39,AUD
1669,2025-08-08T06:22:04,2025-08-08,525,37,Retail,AFTERPAY,COUPON795,8.54,AUD
1670,2025-08-08T18:00:18,2025-08-08,35,7,Retail,PAYPAL,,17.41,AUD
1671,2025-08-08T12:21:00,2025-08-08,549,52,Retail,PAYPAL,,12.81,AUD
1672,2025-08-08T07:21:24,2025-08-08,1545,71,Retail,PAYPAL,,5.74,AUD
1673,2025-08-08T17:58:46,2025-08-08,1229,65,Retail,AFTERPAY,,13.05,AUD
1674,2025-08-08T12:51:54,2025-08-08,531,6,Retail,CASH,,5.61,AUD
1675,2025-08-08T08:23:51,2025-08-08,1155,8,Retail,CARD,,12.17,AUD
1676,2025-08-08T16:42:58,2025-08-08,1023,62,Retail,AFTERPAY,,6.07,AUD
1677,2025-08-08T02:10:23,2025-08-08,297,36,Retail,PAYPAL,,4.27,AUD
1678,2025-08-08T16:32:49,2025-08-08,1295,56,Retail,CASH,,14.85,AUD
1679,2025-08-08T11:51:07,2025-08-08,124,28,Retail,CASH,,23.94,AUD
1680,2025-08-08T08:38:49,2025-08-08,277,1,Retail,PAYPAL,,9.35,AUD
1681,2025-08-08T19:17:42,2025-08-08,645,53,Retail,AFTERPAY,COUPON908,9.24,AUD
1682,2025-08-08T18:26:06,2025-08-08,1283,41,Retail,CASH,,13.53,AUD
1683,2025-08-08T03:13:01,2025-08-08,682,36,Retail,AFTERPAY,,8.75,AUD
1684,2025-08-08T12:23:40,2025-08-08,1158,100,Retail,PAYPAL,,15.51,AUD
1685,2025-08-08T09:50:59,2025-08-08,1088,65,Retail,AFTERPAY,,10.16,AUD
1686,2025-08-08T03:43:27,2025-08-08,266,67,Retail,AFTERPAY,,4.89,AUD
1687,2025-08-08T23:20:52,2025-08-08,1018,10,Retail,CARD,,8.99,AUD
1688,2025-08-08T18:47:18,2025-08-08,687,40,Retail,CARD,COUPON782,17.75,AUD
1689,2025-08-08T03:02:16,2025-08-08,721,48,Retail,CARD,,20.01,AUD
1690,2025-08-08T10:37:50,2025-08-08,679,91,Retail,CASH,,14.37,AUD
1691,2025-08-08T19:41:21,2025-08-08,1086,23,Retail,AFTERPAY,,17.68,AUD
1692,2025-08-08T09:11:05,2025-08-08,124,12,Retail,PAYPAL,,18.62,AUD
1693,2025-08-08T23:59:28,2025-08-08,1488,60,Retail,CARD,,15.86,AUD
1694,2025-08-08T20:14:38,2025-08-08,774,46,Retail,CARD,COUPON507,9.91,AUD
1695,2025-08-08T10:11:16,2025-08-08,1303,78,Retail,PAYPAL,,16.07,AUD
1696,2025-08-08T23:02:02,2025-08-08,702,88,Retail,AFTERPAY,,21.77,AUD
1697,2025-08-08T01:51:00,2025-08-08,727,35,Retail,CASH,,12.48,AUD
1698,2025-08-08T00:22:54,2025-08-08,857,87,Retail,AFTERPAY,,7.94,AUD
1699,2025-08-08T13:11:52,2025-08-08,617,56,Retail,AFTERPAY,,7.99,AUD
1700,2025-08-08T02:42:41,2025-08-08,337,53,Retail,PAYPAL,,17.34,AUD
1701,2025-08-08T22:45:27,2025-08-08,324,9,Retail,CASH,,19.40,AUD
1702,2025-08-08T00:31:53,2025-08-08,1030,64,Retail,CASH,,14.38,AUD
1703,2025-08-08T09:55:42,2025-08-08,9,6,Retail,CARD,,4.00,AUD
1704,2025-08-08T11:52:45,2025-08-08,1027,77,Retail,AFTERPAY,,13.15,AUD
1705,2025-08-08T06:37:29,2025-08-08,498,85,Retail,AFTERPAY,,25.05,AUD
1706,2025-08-08T09:06:20,2025-08-08,976,94,Retail,CASH,,9.22,AUD
1707,2025-08-08T11:25:34,2025-08-08,1572,78,Retail,PAYPAL,,10.25,AUD
1708,2025-08-08T10:02:20,2025-08-08,1299,55,Retail,PAYPAL,,9.34,AUD
1709,2025-08-08T09:58:51,2025-08-08,194,56,Retail,CARD,,8.79,AUD
1710,2025-08-08T14:29:37,2025-08-08,797,63,Retail,AFTERPAY,,10.43,AUD
1711,2025-08-08T13:03:57,2025-08-08,436,22,Retail,AFTERPAY,,8.95,AUD
1712,2025-08-08T13:17:18,2025-08-08,408,97,Retail,AFTERPAY,,14.87,AUD
1713,2025-08-08T12:44:47,2025-08-08,1166,40,Retail,CARD,,2.12,AUD
1714,2025-08-08T11:22:05,2025-08-08,40,93,Retail,CASH,,13.49,AUD
1715,2025-08-08T11:19:43,2025-08-08,708,60,Retail,CASH,COUPON489,7.50,AUD
1716,2025-08-08T02:13:55,2025-08-08,827,94,Retail,AFTERPAY,,14.20,AUD
1717,2025-08-08T22:26:23,2025-08-08,1232,65,Retail,CASH,,11.54,AUD
1718,2025-08-08T10:23:19,2025-08-08,389,20,Retail,CASH,,14.64,AUD
1719,2025-08-08T06:36:37,2025-08-08,394,25,Retail,CASH,,17.42,AUD
1720,2025-08-08T16:58:13,2025-08-08,1505,81,Retail,AFTERPAY,,10.93,AUD
1721,2025-08-08T07:22:02,2025-08-08,517,25,Retail,CARD,,7.52,AUD
1722,2025-08-08T02:54:42,2025-08-08,1445,88,Retail,PAYPAL,,13.91,AUD
1723,2025-08-08T19:43:08,2025-08-08,650,94,Retail,CASH,,13.23,AUD
1724,2025-08-08T00:01:01,2025-08-08,1124,18,Retail,PAYPAL,,12.93,AUD
1725,2025-08-08T20:00:30,2025-08-08,325,3,Retail,PAYPAL,,8.49,AUD
1726,2025-08-08T15:10:12,2025-08-08,904,36,Retail,CARD,,15.71,AUD
1727,2025-08-08T10:07:27,2025-08-08,670,12,Retail,PAYPAL,,13.36,AUD
1728,2025-08-08T10:15:33,2025-08-08,1333,19,Retail,CARD,,22.26,AUD
1729,2025-08-08T00:38:24,2025-08-08,1175,93,Retail,AFTERPAY,COUPON526,10.52,AUD
1730,2025-08-08T04:36:53,2025-08-08,1114,88,Retail,AFTERPAY,,11.86,AUD
1731,2025-08-08T00:27:51,2025-08-08,1301,28,Retail,AFTERPAY,COUPON133,11.29,AUD
1732,2025-08-08T03:52:26,2025-08-08,277,44,Retail,AFTERPAY,COUPON987,13.60,AUD
1733,2025-08-08T21:47:54,2025-08-08,27,60,Retail,CARD,,11.39,AUD
1734,2025-08-08T12:49:24,2025-08-08,602,31,Retail,CASH,,10.66,AUD
1735,2025-08-08T10:51:33,2025-08-08,461,36,Retail,AFTERPAY,,17.52,AUD
1736,2025-08-08T19:57:28,2025-08-08,1320,61,Retail,AFTERPAY,,13.83,AUD
1737,2025-08-08T21:59:56,2025-08-08,817,30,Retail,PAYPAL,,5.17,AUD
1738,2025-08-08T07:01:13,2025-08-08,1147,47,Retail,AFTERPAY,,7.14,AUD
1739,2025-08-08T17:39:39,2025-08-08,562,34,Retail,PAYPAL,,11.71,AUD
1740,2025-08-08T02:49:25,2025-08-08,238,82,Retail,CARD,,10.65,AUD
1741,2025-08-08T23:48:28,2025-08-08,1592,67,Retail,AFTERPAY,,5.37,AUD
1742,2025-08-08T10:02:40,2025-08-08,405,11,Retail,PAYPAL,,8.57,AUD
1743,2025-08-08T13:48:09,2025-08-08,798,67,Retail,AFTERPAY,COUPON433,6.53,AUD
1744,2025-08-08T00:14:37,2025-08-08,948,23,Retail,CASH,,15.72,AUD
1745,2025-08-08T16:04:55,2025-08-08,683,34,Retail,PAYPAL,COUPON630,6.88,AUD
1746,2025-08-08T01:41:11,2025-08-08,490,60,Retail,CARD,,16.86,AUD
1747,2025-08-08T14:33:37,2025-08-08,980,36,Retail,AFTERPAY,,16.01,AUD
1748,2025-08-08T21:02:19,2025-08-08,611,78,Retail,CASH,,22.26,AUD
1749,2025-08-08T21:56:01,2025-08-08,647,65,Retail,CASH,,13.52,AUD
1750,2025-08-08T17:31:23,2025-08-08,1251,13,Retail,CASH,,25.72,AUD
1751,2025-08-08T19:27:24,2025-08-08,519,83,Retail,CARD,,12.60,AUD
1752,2025-08-08T15:50:47,2025-08-08,509,39,Retail,PAYPAL,,6.32,AUD
1753,2025-08-08T14:17:44,2025-08-08,899,98,Retail,AFTERPAY,,19.03,AUD
1754,2025-08-08T16:13:55,2025-08-08,321,63,Retail,PAYPAL,COUPON594,4.70,AUD
1755,2025-08-08T00:45:26,2025-08-08,827,71,Retail,PAYPAL,,7.26,AUD
1756,2025-08-08T15:09:55,2025-08-08,1494,53,Retail,AFTERPAY,,11.85,AUD
1757,2025-08-08T14:58:21,2025-08-08,114,11,Retail,AFTERPAY,,10.17,AUD
1758,2025-08-08T11:01:34,2025-08-08,603,70,Retail,AFTERPAY,,13.17,AUD
1759,2025-08-08T04:50:13,2025-08-08,1335,46,Retail,CASH,,23.16,AUD
1760,2025-08-08T03:46:44,2025-08-08,985,41,Retail,CASH,,11.42,AUD
1761,2025-08-08T09:51:18,2025-08-08,81,1,Retail,CASH,,13.46,AUD
1762,2025-08-08T17:47:57,2025-08-08,613,92,Retail,PAYPAL,,3.03,AUD
1763,2025-08-08T15:59:00,2025-08-08,716,94,Retail,CASH,,5.12,AUD
1764,2025-08-08T04:52:33,2025-08-08,575,2,Retail,CARD,,22.87,AUD
1765,2025-08-08T09:33:19,2025-08-08,824,3,Retail,AFTERPAY,,7.79,AUD
1766,2025-08-08T16:00:33,2025-08-08,39,61,Retail,AFTERPAY,,9.06,AUD
1767,2025-08-08T18:01:34,2025-08-08,9999999999,49,Retail,AFTERPAY,,19.63,AUD
1768,2025-08-08T05:30:17,2025-08-08,994,55,Retail,CASH,,19.46,AUD
1769,2025-08-08T04:45:30,2025-08-08,1187,81,Retail,PAYPAL,,10.16,AUD
1770,2025-08-08T07:33:46,2025-08-08,1267,89,Retail,AFTERPAY,,11.53,AUD
1771,2025-08-08T18:58:08,2025-08-08,385,25,Retail,CARD,,7.29,AUD
1772,2025-08-08T17:21:08,2025-08-08,218,90,Retail,PAYPAL,,12.38,AUD
1773,2025-08-08T19:37:06,2025-08-08,1401,37,Retail,PAYPAL,,5.50,AUD
1774,2025-08-08T16:43:45,2025-08-08,473,91,Retail,CARD,,16.46,AUD
1775,2025-08-08T07:52:55,2025-08-08,208,86,Retail,AFTERPAY,,0.83,AUD
1776,2025-08-08T21:04:51,2025-08-08,422,61,Retail,PAYPAL,COUPON312,10.55,AUD
1777,2025-08-08T23:12:27,2025-08-08,1164,57,Retail,PAYPAL,,12.40,AUD
1778,2025-08-08T07:55:40,2025-08-08,1025,19,Retail,AFTERPAY,COUPON244,23.80,AUD
1779,2025-08-08T09:48:27,2025-08-08,411,30,Retail,CARD,,18.40,AUD
1780,2025-08-08T04:42:07,2025-08-08,1268,39,Retail,AFTERPAY,,12.75,AUD
1781,2025-08-08T23:38:48,2025-08-08,9999999999,80,Retail,CARD,,13.62,AUD
1782,2025-08-08T06:55:58,2025-08-08,1397,97,Retail,AFTERPAY,,8.28,AUD
1783,2025-08-08T06:15:36,2025-08-08,1249,2,Retail,AFTERPAY,,8.04,AUD
1784,2025-08-08T08:47:46,2025-08-08,700,56,Retail,AFTERPAY,,17.07,AUD
1785,2025-08-08T18:34:07,2025-08-08,1016,41,Retail,PAYPAL,,17.59,AUD
1786,2025-08-08T07:27:31,2025-08-08,841,21,Retail,CASH,,9.99,AUD
1787,2025-08-08T20:27:21,2025-08-08,561,88,Retail,PAYPAL,COUPON354,8.87,AUD
1788,2025-08-08T06:13:09,2025-08-08,1063,90,Retail,PAYPAL,,14.42,AUD
1789,2025-08-08T22:22:30,2025-08-08,490,96,Retail,AFTERPAY,,8.76,AUD
1790,2025-08-08T08:57:49,2025-08-08,1096,17,Retail,CARD,COUPON915,11.46,AUD
1791,2025-08-08T00:24:03,2025-08-08,1204,50,Retail,CASH,COUPON495,5.55,AUD
1792,2025-08-08T21:44:23,2025-08-08,1019,10,Retail,CARD,,14.77,AUD
1793,2025-08-08T11:40:36,2025-08-08,76,75,Retail,AFTERPAY,COUPON771,7.79,AUD
1794,2025-08-08T13:21:54,2025-08-08,1223,36,Retail,CARD,COUPON388,19.88,AUD
1795,2025-08-08T13:27:33,2025-08-08,705,30,Retail,CASH,,13.84,AUD
1796,2025-08-08T10:33:47,2025-08-08,988,55,Retail,CASH,,8.24,AUD
1797,2025-08-08T00:34:17,2025-08-08,140,31,Retail,AFTERPAY,,11.78,AUD
1798,2025-08-08T02:12:11,2025-08-08,822,65,Retail,CASH,,10.14,AUD
1799,2025-08-08T11:31:25,2025-08-08,1412,80,Retail,PAYPAL,,16.08,AUD
1800,2025-08-08T23:29:13,2025-08-08,1011,57,Retail,CARD,,23.52,AUD
1801,2025-08-08T22:19:22,2025-08-08,1191,74,Retail,CARD,,3.62,AUD
1802,2025-08-08T08:55:55,2025-08-08,417,66,Retail,CASH,,9.73,AUD
1803,2025-08-08T10:54:38,2025-08-08,871,2,Retail,PAYPAL,,4.74,AUD
1804,2025-08-08T17:57:01,2025-08-08,972,61,Retail,PAYPAL,,9.81,AUD
1805,2025-08-08T19:23:26,2025-08-08,830,25,Retail,CARD,,7.68,AUD
1806,2025-08-08T08:46:12,2025-08-08,415,3,Retail,CASH,,9.05,AUD
1807,2025-08-08T11:28:02,2025-08-08,1506,62,Retail,CARD,,12.39,AUD
1808,2025-08-08T04:29:33,2025-08-08,375,17,Retail,CARD,,13.37,AUD
1809,2025-08-08T11:47:13,2025-08-08,137,62,Retail,AFTERPAY,,8.68,AUD
1810,2025-08-08T06:18:03,2025-08-08,1270,47,Retail,AFTERPAY,,17.36,AUD
1811,2025-08-08T16:35:24,2025-08-08,1217,23,Retail,AFTERPAY,,17.96,AUD
1812,2025-08-08T14:13:37,2025-08-08,545,67,Retail,CARD,,12.88,AUD
1813,2025-08-08T21:02:53,2025-08-08,668,19,Retail,CASH,,13.94,AUD
1814,2025-08-08T04:52:47,2025-08-08,1007,12,Retail,AFTERPAY,,8.39,AUD
1815,2025-08-08T04:02:57,2025-08-08,808,75,Retail,CASH,,16.35,AUD
1816,2025-08-08T20:08:45,2025-08-08,83,59,Retail,PAYPAL,,18.32,AUD
1817,2025-08-08T11:22:19,2025-08-08,288,50,Retail,CARD,,9.56,AUD
1818,2025-08-08T14:22:35,2025-08-08,1222,18,Retail,PAYPAL,,14.18,AUD
